0.046725 96
0.133259 37
1.374150 30
0.652273 2
1.139408 53
3.800381 18
0.059311 25
0.000294 7
0.667545 1
0.482940 2
0.528956 37
0.054077 47
1.922638 1
2.177633 2
0.990108 80
0.004528 47
5.032685 65
0.366112 47
0.939911 62
0.720226 2
0.745367 451
0.007402 8
2.021866 47
0.627210 1
0.554087 1
0.501844 1
0.030054 1
0.031924 1
0.031945 1
0.030253 1
0.033838 1
0.031910 1
0.032131 1
0.031808 1
0.030201 1
0.031990 1
0.030093 1
0.032020 1
0.031290 1
0.030834 1
0.031810 1
0.031984 1
0.032063 1
0.030177 1
0.029769 1
0.032116 1
0.303671 5
0.642262 5
0.210597 5
0.192978 5
0.169048 5
0.165085 5
0.165011 5
0.171028 5
1.701472 5
0.930104 5
0.390847 5
0.212922 5
0.581219 5
0.576968 5
0.388145 5
0.215950 5
0.195974 5
0.621373 69
0.975775 1
0.803775 1
0.501270 1
0.029533 1
0.030564 1
0.030841 1
0.029873 1
0.030174 1
0.030410 1
0.031689 1
0.030190 1
0.031904 1
0.030927 1
0.248186 1
0.203087 1
0.175022 31
0.211972 45
0.201627 2
0.462717 80
0.003680 49
3.840060 1
0.381143 1
0.500270 1
0.029744 1
0.029906 1
0.030954 1
0.030263 1
0.030290 1
0.031043 1
0.030199 1
0.031241 1
0.030589 1
0.031474 1
0.029604 1
0.031713 1
0.029761 1
0.029809 1
0.031091 1
0.030512 1
0.029730 1
0.030571 1
0.031370 1
0.028878 1
0.030481 1
0.031465 5
0.357682 72
0.305758 2
0.734000 80
0.004463 50
1.022677 1
0.883915 1
0.500782 1
0.029899 1
0.029770 1
0.031260 1
0.031200 1
0.031061 1
0.031074 1
0.029308 1
0.030289 1
0.031101 1
0.031101 1
0.031083 1
0.030700 1
0.031855 1
0.031305 1
0.030688 1
0.758778 5
6.086501 5
0.244972 5
0.224033 5
0.201996 5
0.181994 5
0.223959 54
0.798775 2
0.316694 80
0.003434 44
8.804750 82
114.473533 101
0.362589 62
0.402045 49
0.502025 101
0.502664 82
0.030122 46
0.030065 1
0.036118 1
0.029625 1
0.034817 1
0.027692 1
0.034642 1
0.028685 1
0.029761 1
0.030952 1
0.030867 1
0.033084 1
0.032097 1
0.031039 1
0.031862 1
1.393472 1
0.626119 4
1.319850 4
0.181001 1
0.835329 1
0.154098 1
1.072145 1
0.118699 1
0.710410 1
0.430738 1
0.106049 2
0.319656 1022
0.004795 7
47.582427 51
0.572616 82
0.679444 101
0.341848 62
0.344436 2
0.979144 451
0.008721 8
35.691998 19
0.254025 51
0.204282 82
0.196866 101
0.412766 62
0.248959 47
0.215219 65
0.205978 47
0.200903 62
0.190092 40
0.186063 104
0.209051 153
0.231237 35
0.194243 53
0.194782 14
0.192083 19
0.298462 23
0.333535 143
0.254606 113
0.280954 10
0.459668 21
0.304062 30
0.272343 14
0.352880 30
1.360860 68
6.391057 10
0.514074 14
0.652033 30
0.230795 71
0.260141 70
0.429552 14
1.639407 94
0.383572 94
6.363118 18
1.563937 14
4.964095 94
0.437208 40
0.494053 53
0.885030 30
0.636008 53
1.133325 32
0.612186 53
1.069393 141
0.530795 662
0.666227 245
0.372767 237
0.313010 43
0.324177 80
1.241189 2
0.662398 2
0.456830 2
0.450173 2
0.466034 2
0.255115 2
0.261692 82
0.479048 47
0.349657 183
0.233097 676
0.221932 239
0.404188 127
0.356043 32
0.502991 53
0.030046 30
0.030252 53
0.439829 34
0.502086 36
0.030318 94
0.031623 18
0.032103 70
0.030433 71
0.033511 68
0.030193 10
0.030721 26
0.031865 51
0.030168 10
0.032206 141
0.031541 121
0.031968 19
0.032104 23
0.032189 14
0.033503 52
0.030190 31
0.032176 155
0.033804 104
0.032292 62
0.031802 44
0.031815 65
0.030329 50
0.030990 62
0.033923 49
0.031812 101
0.032027 82
0.030318 53
0.032040 15
0.032055 11
0.030830 1
0.032075 1
0.030905 1
0.031631 1
0.030339 1
0.031040 1
0.030982 1
0.031398 1
0.030546 1
0.030917 1
0.031824 1
0.030262 1
0.031804 1
0.029313 1
0.031610 1
0.031253 1
0.030060 1
0.031744 1
0.031058 14
5.864686 14
1.210751 29
0.445241 29
0.481968 29
0.444195 29
0.420962 29
0.441130 29
0.173170 29
0.250814 29
0.204193 29
0.715329 29
0.978035 29
0.176764 29
0.063163 42
0.723574 2
0.544737 60
0.000621 26
1.843308 1
0.402969 1
0.503088 1
0.029519 1
0.034319 1
0.033025 1
0.030366 1
0.032953 1
0.031934 1
0.034745 1
0.032974 1
0.030067 1
0.030230 1
0.032944 1
0.035222 1
0.031788 1
0.032932 1
0.030244 1
0.034147 1
0.033171 1
0.029886 1
0.033258 1
0.032035 1
0.029955 1
0.035975 1
0.030030 1
0.032081 3
0.250483 3
0.245993 3
0.335269 5
0.888092 5
0.256818 5
0.342193 5
0.582932 2
0.485420 4095
0.005927 877
0.000051 1
52.660074 1
0.307794 1
0.261662 26
3.806605 117
0.478543 56
0.464433 19
0.456277 51
0.395954 82
2.498756 1
31.952586 1
0.499627 1
0.033453 1
0.036069 1
0.030067 1
0.034701 1
0.033023 1
0.031292 1
0.033865 1
0.028078 1
0.035867 1
0.031321 1
0.032772 1
0.031896 1
0.030219 1
0.035775 1
0.031164 1
0.031452 1
0.029944 1
0.031623 1
0.034080 3
0.208024 3
0.250094 3
0.193567 5
0.990103 5
0.501192 5
0.030199 5
0.031792 5
0.032008 5
0.030399 5
0.029805 5
0.031969 5
0.033971 5
0.180438 5
0.222071 5
0.188179 5
0.197857 5
0.187117 5
0.235961 5
1.352248 5
0.679430 5
0.194868 5
0.107823 5
1.932588 5
0.201656 5
0.174032 5
0.170069 5
0.215973 5
1.156388 5
0.143734 5
0.436102 54
0.832016 2
0.294396 80
0.003639 39
2.839973 82
0.249103 117
2.024403 56
0.392575 2
0.926567 451
0.007434 8
5.582010 39
0.537425 1
4.432335 1
0.503320 1
0.031119 1
0.031345 1
0.034625 1
0.032911 1
0.031004 1
0.032128 1
0.033863 1
0.030670 1
0.030090 1
0.035146 1
0.027265 1
0.034977 1
0.031933 1
0.032196 1
0.031967 1
0.030958 5
1.162930 5
0.221445 5
0.189191 5
0.183839 5
0.181101 5
0.188982 5
0.173074 5
0.173982 5
0.189146 5
0.252938 5
1.161351 5
0.230785 5
1.207101 5
0.001644 5
0.702861 5
0.163675 5
0.560099 5
0.177141 5
5.509917 5
12.792525 5
0.772475 5
0.144523 5
0.492069 54
1.473413 2
0.450081 80
0.003635 3
47.237099 3
0.001847 1
0.000231 1
0.000605 1
0.000326 1
0.000302 1
0.000238 1
0.000295 1
0.000603 1
0.000697 1
0.000448 3
0.001731 1
0.000214 1
0.000491 1
0.000348 2
0.000716 2
0.000589 2
0.001187 1
0.000503 1
0.000315 1
0.000381 4
4.909934 4
0.501177 4
0.031036 4
0.033911 4
0.030435 4
0.033735 4
0.030141 4
0.032991 4
0.032033 4
0.032079 4
0.032047 4
0.030176 4
0.033666 4
0.031858 4
0.029192 4
0.032026 4
0.033752 4
0.028375 4
0.033645 4
0.030272 4
0.030696 4
0.031310 4
0.033038 4
0.032085 4
0.030881 4
0.032278 4
0.031884 4
0.033626 4
0.032125 4
0.028744 1
0.029893 1
0.031836 1
0.032062 1
0.031884 1
0.031101 1
0.032851 1
0.032077 1
0.032004 1
0.030908 1
0.030783 1
0.030724 16
110.980444 2
1.536271 4095
0.005486 115
0.000030 1
75.391872 16
0.655724 50
0.440665 62
1.455620 39
0.617429 82
6.304165 90
2.191209 62
0.343328 42
0.628348 70
0.501775 46
0.030570 1
0.029652 1
0.034572 1
0.033993 1
0.033078 1
0.027247 1
0.035828 1
0.032914 1
0.028328 1
0.029961 1
0.029960 1
0.032988 1
0.033981 1
0.030929 1
0.033058 1
0.030911 1
0.032129 1
1.141608 1
0.180837 1
0.321005 1
0.286074 1
1.538172 1
1.351206 1
0.094975 2
0.330310 1022
0.002348 1
27.905827 1
0.095286 1
0.196102 4
1.472196 4
0.324956 4
0.924383 7
25.163624 23
0.472662 50
0.568170 1
1.342876 1
0.500438 1
0.031074 1
0.032984 1
0.032966 1
0.031129 1
0.031040 1
0.032975 1
0.032844 1
0.032980 1
0.033045 1
0.033091 1
0.032896 1
0.033094 1
0.032955 1
0.033141 1
0.028024 62
0.853907 39
0.482052 82
0.777344 117
1.317126 56
0.550131 19
0.496060 51
0.431667 1
1.487405 1
0.500226 1
0.029940 1
0.031801 1
0.031968 1
0.032097 1
0.032079 1
0.031890 1
0.031958 1
0.028375 1
0.032353 1
0.031604 1
0.031986 1
0.031898 1
0.032188 1
0.031782 1
0.033944 65
0.447845 1
2.582120 3
0.513063 2
1.011215 80
0.004825 50
3.692177 1
1.201498 1
0.500873 1
0.030272 1
0.030088 1
0.029858 1
0.031804 1
0.030853 1
0.031066 1
0.030048 1
0.030546 1
0.031064 1
0.030421 1
0.032281 1
0.029846 1
0.031069 1
0.030272 1
0.030693 1
0.031755 1
0.030264 1
0.030853 1
0.031940 1
0.030030 1
0.032138 1
0.030949 1
0.031078 1
0.030874 3
0.333246 3
0.231586 5
0.907388 5
0.500597 5
0.030251 5
0.030624 5
0.030094 5
0.030231 5
0.031413 5
0.030269 5
0.030784 5
0.031215 5
0.030487 5
0.030559 5
0.181214 5
0.598036 15
6.886651 1
0.499706 1
0.031167 1
0.031220 1
0.031425 36
0.580386 53
0.420156 23
0.396542 50
1.249839 62
0.838528 2
0.582087 451
0.006748 8
0.566357 36
0.463558 1
1.584346 1
0.503035 1
0.030507 1
0.032926 1
0.035521 1
0.030340 1
0.031944 1
0.032750 1
0.033291 1
0.033047 1
0.033464 1
0.032760 1
0.030168 1
0.030010 1
0.035879 1
0.032846 1
0.033218 1
0.032989 1
0.027312 1
0.032679 1
0.030184 1
0.029883 1
0.032953 1
0.030557 5
1.498336 5
1.180616 5
0.225489 5
0.774799 5
0.241436 5
0.800253 5
0.641112 5
0.527792 5
2.141631 5
0.402889 5
0.970189 72
1.150390 2
0.274113 80
0.003568 135
153.551546 2
1.921722 160
0.011339 113
0.011128 12
0.008450 40
0.018677 618
0.974274 155
0.009265 12
0.009396 40
0.015392 238
0.307710 146
0.200068 146
0.201063 254
0.076498 135
4.386765 286
0.479645 62
0.624279 50
0.511798 53
0.490137 2
0.745522 1022
0.002461 1
21.434608 7
0.836794 142
0.375243 286
0.627308 2
3.691707 134
0.004804 47
9.121249 1
0.433804 1
0.501007 1
0.030083 1
0.035985 1
0.030395 1
0.032777 1
0.035825 1
0.033167 1
0.030173 1
0.032994 1
0.029903 1
0.033062 1
0.035853 1
0.029440 1
0.033079 1
0.033321 1
0.035543 1
0.030255 1
0.032204 1
0.035573 1
0.030200 1
0.030095 1
0.035881 5
0.840882 5
0.194719 5
0.201076 5
0.995293 69
0.655661 2
0.646869 29
3.169542 1
51.300219 1
0.129919 1
0.160012 1
0.756295 4
1.195182 4
0.191868 4
0.187046 4
0.175986 43
0.523612 100
0.771116 53
0.374815 142
1.328379 286
0.695379 62
1.683436 2
0.808681 507
0.007483 1
2.260658 1
0.108464 1
0.169108 1
2.386991 1
0.889646 7
0.323398 1
1.612683 1
0.307968 4
0.371496 48
0.918330 1
1.461571 1
0.110077 1
0.291946 1
0.291086 1
0.635218 1
0.511866 1
0.125056 2
0.389524 774
0.002505 1
19.784739 1
0.086055 1
0.199928 4
1.727204 4
0.231073 4
0.253993 1
12.358927 1
0.112781 1
1.009304 1
0.753072 1
0.820116 89
0.337323 4
0.827510 1
1.519431 7
1.074212 1
2.294332 1
0.246053 1
1.065073 1
0.120900 1
0.205052 4
1.456208 4
0.279012 4
0.208051 1
0.458056 1
0.304086 1
4.657189 1
0.121426 1
0.195968 1
2.518292 5
0.541480 54
0.509903 1
1.051153 1
0.063839 2
1.365435 89
0.001430 1
4.413075 1
0.138831 1
0.365013 1
0.169170 1
0.303896 1
0.140005 4
0.594067 4
0.168040 1
0.344084 1
0.213028 5
0.510965 2
0.667136 1904
0.002144 1
17.429632 1
0.088641 1
0.173114 1
0.891462 1
0.172564 1
0.132036 48
0.516209 1
1.343146 1
0.086943 1
0.169888 1
1.094560 1
0.184663 1
0.132955 44
0.508329 6
4.123429 15
0.272008 16
0.532150 11
0.450209 10
0.881992 11
0.575790 2
0.768826 484
0.002454 1
3.967648 1
0.236291 1
0.289605 1
1.821471 5
1.242414 48
0.437823 1
1.353030 1
0.076939 1
0.523076 1
0.209944 2
0.359483 165
0.012120 4095
0.004807 2817
0.000188 4095
0.000494 3140
0.000394 4095
0.000490 3016
0.000331 4095
0.000518 2706
0.000181 4095
0.000519 3097
0.000269 4095
0.000455 2740
0.000233 4095
0.000494 2921
0.000243 4095
0.000468 3079
0.000254 4095
0.000498 3044
0.000322 4095
0.000507 2966
0.000268 4095
0.003871 4095
0.000050 4095
0.000034 4095
0.000057 4095
0.000010 850
0.000009 4
24.251383 1
1.027778 1
0.981329 1
0.320749 1
1.130195 1
0.131165 1
0.120751 1
0.256957 4
0.950838 1
0.328390 1
0.212980 14
1.548735 2
0.928047 105
0.007423 26
8.209665 55
0.784821 4
0.413582 4
0.206900 8
0.179947 4
0.170173 4
0.176020 4
0.165896 3
38.416784 1
1.038070 1
0.621146 1
0.522929 1
0.821275 1
0.432897 14
0.606536 2
1.071503 101
0.002290 19
5.141480 1
0.522221 1
0.500942 1
0.030956 1
0.032252 1
0.028984 1
0.032133 1
0.032602 1
0.030523 1
0.031686 1
0.034087 1
0.032732 1
0.030057 1
0.030176 1
0.032848 29
6.367915 29
0.674409 29
1.044080 29
1.793050 29
0.172092 29
0.765298 29
0.105666 29
0.214159 2
0.310174 80
0.002878 1
4.273813 1
0.162730 4
0.659340 4
0.200789 1
0.740220 1
0.098848 1
0.406089 1
0.166967 32
5.878994 2
1.041987 87
0.001451 39
34.600760 55
2.358155 98
48.443241 101
0.405876 104
0.194045 107
0.193016 110
0.229124 117
0.534064 2
0.468291 103
0.009453 73
0.041295 12
0.047883 40
0.094431 215
0.594054 262
0.187278 44
3.403886 1
1.069392 1
0.207716 1
0.188035 1
0.179116 1
0.202523 1
0.190123 1
0.188022 19
0.961738 19
0.501471 19
0.033423 19
0.027168 19
0.030469 19
0.031485 19
0.030994 19
0.031165 19
0.031049 19
0.030142 19
0.031710 19
0.030215 19
0.031001 19
0.031791 19
0.030254 19
0.032612 19
0.029059 19
0.030338 19
0.031626 19
0.031033 19
0.030421 19
0.030957 19
0.031771 19
0.030991 19
0.030450 19
0.032233 19
0.030205 19
0.029192 19
0.030626 19
0.031967 19
0.030947 19
0.030380 19
0.031198 19
0.029558 19
0.030558 19
0.031247 19
0.030231 1
0.030993 1
0.030977 1
0.032614 1
0.028903 1
0.030912 1
0.031210 1
0.030911 1
0.030877 1
0.031017 1
0.029961 15
0.222737 19
0.749264 15
0.189926 17
0.200018 15
0.290093 15
0.199660 2
0.322831 4095
0.005123 4095
0.000057 4095
0.000098 4095
0.000109 4095
0.000063 4095
0.000079 4095
0.000069 4095
0.000060 4095
0.000065 4095
0.000042 4095
0.000040 4095
0.000048 4095
0.000040 4095
0.000036 4095
0.000039 4095
0.000039 4095
0.000035 4095
0.000037 4095
0.000040 4095
0.000047 4095
0.007629 4095
0.000031 4095
0.000021 4095
0.000010 1151
0.000011 4095
0.000111 4095
0.000062 4095
0.000042 4095
0.000013 4095
0.000043 4095
0.000024 4095
0.000051 4095
0.000083 4095
0.000015 4095
0.000013 4095
0.000042 4095
0.000053 4095
0.000048 4095
0.000053 4095
0.000054 4095
0.000053 4095
0.000170 4095
0.000051 4095
0.000091 4095
0.000049 4095
0.000066 4095
0.000051 4095
0.000057 4095
0.000118 4095
0.000055 4095
0.000053 4095
0.000054 4095
0.000051 4095
0.000055 4095
0.000071 4095
0.000009 4095
0.000053 4095
0.000030 4095
0.000047 3710
0.000041 11
54.310212 14
1.034838 1
0.879690 1
0.996191 1
0.500806 1
0.030912 11
4.679503 55
1.635309 69
3.157027 14
0.500193 17
37.291771 2
0.949246 31
0.279067 44
0.058170 29
0.002202 61
0.002758 122
0.228001 107
0.059279 102
0.172905 95
0.003309 220
0.010108 36
0.297164 1389
0.139195 1
1.868439 2
0.397884 23
0.004881 149
0.249336 149
0.026675 149
0.145524 149
0.127530 323
0.013129 26
0.010016 49
0.038822 146
0.047086 733
0.008079 146
0.053685 292
0.011570 584
0.011051 584
0.018588 584
0.003333 584
0.010990 730
0.014685 584
0.007395 584
0.011208 146
0.001929 584
0.012469 730
0.009348 876
0.022307 438
0.000530 584
0.010211 438
0.020563 730
0.001555 438
0.010786 584
0.018412 730
0.003649 730
0.011040 730
0.018063 584
0.003982 876
0.011419 733
0.007314 441
0.027751 438
0.033731 584
0.011563 584
0.010257 584
0.011174 876
0.010757 584
0.010992 1022
0.011037 876
0.011008 876
0.010954 730
0.010927 295
0.005134 149
0.055365 149
0.008585 149
0.007793 149
0.007939 347
0.068793 46
0.025519 17
0.782359 32
0.516235 55
0.642932 55
0.849105 4
0.355963 4
0.194988 4
0.170057 99
0.162115 99
0.827218 102
0.330440 105
0.324247 108
0.731185 111
0.097754 120
0.958300 2
0.320533 4095
0.336677 2320
0.000042 65
0.021260 65
0.158797 63
0.498782 88
0.000812 63
0.012031 132
0.110577 1966
0.093599 99
0.006972 313
0.112171 60
0.044037 228
0.345495 185
0.444842 65
0.031655 183
0.472772 185
0.610358 841
2.099491 1476
2.552665 1498
0.064447 1640
0.507513 1674
0.361899 1619
0.030368 1578
0.045720 1625
0.344024 1520
0.019952 1587
0.032060 1533
0.387826 1525
0.018023 1628
0.340208 1644
0.046036 1641
0.065946 1627
0.381817 1633
0.380179 1688
0.028479 1646
0.036168 1648
0.633230 1746
0.027780 1827
0.354328 1887
0.449288 1864
0.387502 1997
0.323062 2086
0.042584 2115
0.054117 1993
0.277399 2065
0.030404 2057
0.015527 2064
0.018208 153
13.357981 79
1.625471 65
0.169091 805
1.346475 64
0.000460 133
0.112598 1883
0.472992 193
0.550407 823
0.685249 22
1.556985 46
0.004353 45
1.113632 77
0.821465 32
1.098816 55
0.525873 1
39.094538 1
0.987031 69
1.178572 28
0.704457 1
0.728963 1
1.043864 4
0.818103 4
0.502642 4
0.030681 4
0.032634 4
0.033664 4
0.035488 4
0.029942 4
0.036000 4
0.027350 4
0.035775 4
0.032967 4
0.033073 4
0.033100 4
0.032625 4
0.027583 4
0.035447 4
0.030275 1
0.035919 1
0.029999 1
0.032968 1
0.035884 1
0.030214 1
0.035917 1
0.030108 1
0.033570 1
0.029931 1
0.033044 1
0.035790 1
0.032949 43
2.675547 42
0.952287 88
0.001553 6
