0.349964 97
0.117488 1
2.556656 1
0.246029 1
0.323008 1
0.368137 1
1.308413 11
0.401552 2
0.691023 2060
0.000738 89
0.000349 16
5.364475 29
1.189608 4
2.016388 4
0.229048 4
0.197971 4
0.186959 4
0.183022 4
0.182998 4
0.174000 1
1.572211 1
0.341132 1
0.488982 1
0.231047 1
1.498198 4
0.451079 1
0.263105 1
0.975295 1
0.473727 1
0.196047 1
0.578134 1
0.217138 1
0.468972 1
0.146968 1
0.167005 1
0.375089 2
1.027554 65
1.640060 51
0.464300 12
1.123757 21
0.000200 33
1.015134 12
0.608227 21
0.000121 12
0.405253 21
0.000131 12
0.850279 61
0.124112 80
0.167656 85
1.105763 68
1.309300 73
0.236484 33
0.000387 38
0.000246 38
0.088115 56
0.105982 58
0.515614 32
0.065995 78
0.280870 46
0.517488 40
0.000196 47
0.000145 162
16.219058 76
1.171622 74
0.533187 84
0.594070 44
0.971340 56
0.067434 454
0.226073 38
0.001029 65
1.628194 92
3.827437 48
2.043254 41
0.634755 51
0.317810 49
0.046583 130
0.665287 153
2.867623 145
0.021351 105
0.038592 85
0.508638 100
0.005572 211
0.004549 56
0.720538 1322
0.206366 82
0.254221 153
0.000709 268
0.210592 358
0.018356 47
0.028411 46
0.062952 78
0.083482 101
0.121363 113
0.048078 113
0.133541 113
0.266842 113
0.153906 113
0.048405 113
0.031282 113
0.011740 113
0.015597 113
0.010326 113
0.007369 113
0.016593 401
0.116333 48
0.075005 41
0.651062 51
0.309048 64
0.035731 49
0.011963 92
0.000701 89
0.204515 99
0.002127 91
0.001123 116
0.011452 48
0.005043 41
0.650189 51
0.223059 183
0.044409 362
0.092646 48
0.012772 41
0.628700 51
0.214592 183
0.044903 89
0.090583 284
0.009616 89
0.038946 22
4.249624 4
0.526644 4
0.500887 4
0.030932 4
0.028679 4
0.030380 4
0.029392 4
0.030683 4
0.030597 4
0.030444 4
0.031198 4
0.030536 4
0.029822 4
0.029273 4
0.030545 4
0.030515 1
1.238434 1
0.352937 1
0.224521 1
0.251775 2
0.624744 43
3.178253 1
3.090720 1
0.170628 1
0.206023 1
0.290986 1
0.264213 1
0.291142 1
0.775163 2
0.348810 37
0.036860 1
0.568440 1
0.144706 1
0.398270 4
0.820212 1
0.533815 1
0.139147 1
0.290913 2
0.547351 428
0.005054 1
14.436855 1
0.539262 1
0.300541 2
0.555909 123
0.025350 1
3.631559 1
0.372912 4
0.807383 1
0.219721 1
0.350124 4
0.465138 1
0.076819 1
0.579051 10
2.432225 2
1.384725 311
0.009283 1
10.416772 1
1.056269 1
0.286776 1
0.112021 1
1.513373 1
0.166835 1
0.206981 1
0.248132 1
0.456477 10
6.195788 1
0.726067 1
2.099108 1
0.772114 1
0.810414 1
0.207567 2
3.502267 89
0.133111 1
8.596247 1
0.550236 1
0.225878 2
0.429302 111
0.011551 1
10.783029 1
0.227534 1
0.280087 1
0.190102 1
0.307277 1
0.611847 1
0.103861 1
0.246951 1
0.166247 1
0.158782 1
0.238234 4
0.713211 4
0.209818 1
0.511256 1
0.447871 1
0.499061 1
0.301045 1
0.627415 1
0.258844 4
0.472846 2
0.309826 628
0.002009 1
11.487817 1
0.365086 1
0.589290 1
0.411883 1
3.338002 1
0.954719 1
0.337067 1
1.396098 1
0.260884 1
1.605290 3
0.557533 3
0.760971 30
6.728032 3
7.568091 12
5.461519 3
1.713763 3
5.386253 3
1.137678 1
0.468471 1
1.687206 1
0.330617 1
0.118054 1
0.289260 1
0.111248 1
0.467738 4
0.647119 1
0.128787 1
0.497139 1
0.397091 1
0.230148 1
0.682166 2
0.560180 29
0.002574 39
0.851031 84
0.327486 2
0.747472 616
0.001309 14
9.668906 80
0.686074 4
1.892460 4
0.207251 4
0.188012 4
0.186999 4
0.437450 1
0.920861 1
0.313077 1
1.056813 1
0.179220 4
0.644400 4
0.165943 1
0.190682 1
0.330660 1
0.793434 1
0.176127 1
0.554141 1
0.840710 4
0.895851 1
0.592172 1
1.747329 1
0.305958 1
1.131827 1
0.312914 2
1.447492 29
0.002137 46
0.708512 60
0.469029 4
1.667896 4
0.237623 4
0.190004 4
0.196221 4
0.192731 1
0.653453 1
0.216751 1
0.572001 1
0.152937 1
0.431141 1
0.235018 1
0.927559 1
0.513696 1
1.040498 1
0.513626 1
0.439135 1
0.490012 2
0.516405 412
0.001171 21
7.637566 130
0.338421 4
2.206534 4
0.501051 4
0.030300 4
0.030237 4
0.033390 4
0.028560 4
0.033496 4
0.030256 4
0.031776 4
0.033887 4
0.031114 4
0.032847 4
0.173791 4
0.206911 4
0.190901 4
0.166029 1
0.962391 1
0.288950 1
0.191836 1
0.200970 1
0.294211 1
2.022551 1
0.345835 1
0.335868 1
0.675523 1
0.598615 1
0.973485 1
0.677137 1
0.396693 1
0.468132 1
0.629493 1
0.363590 1
2.585331 1
0.800155 4
0.669396 4
0.222685 1
0.150172 1
0.606955 1
1.398057 4
0.622519 1
0.100623 2
1.327423 29
0.004006 49
0.787520 1
1.592587 1
0.499972 1
0.030331 1
0.030408 1
0.030314 1
0.034158 1
0.030751 1
0.033178 1
0.033416 1
0.030517 1
0.031266 1
0.029878 1
0.031002 1
0.033906 1
0.031092 1
0.033313 1
0.030709 1
0.029991 1
0.033009 1
0.034000 1
0.173834 1
0.388956 3
0.606610 47
0.825048 47
0.222924 47
0.305931 1
0.560118 1
0.246519 1
0.193620 1
0.181420 5
0.552683 5
0.500599 5
0.030286 5
0.030259 5
0.030454 5
0.031072 5
0.030245 5
0.030220 5
0.030678 5
0.030996 5
0.031150 5
0.030848 5
0.030975 5
0.031079 5
0.030604 5
0.030421 5
0.030557 5
0.030935 5
0.030997 5
0.030982 5
0.030664 1
0.031766 1
0.030852 1
0.030852 1
0.029445 1
0.030825 1
0.030273 1
0.030725 1
0.031065 1
0.030364 5
2.442249 5
0.263110 5
0.099907 5
0.292158 5
0.192853 75
1.031811 2
0.331676 329
0.001205 1
9.871922 1
2.045040 1
1.020020 1
0.110177 1
1.992466 1
0.127988 1
0.721071 1
0.270941 1
0.429124 1
0.448979 1
1.032639 1
0.425977 2
0.488906 86
0.009107 1
3.476633 4
0.503461 1
0.603237 1
0.290879 1
0.465021 1
0.322145 1
0.098168 1
0.450853 1
0.528148 1
0.286973 4
0.649570 1
0.024096 1
1.075925 1
2.335316 1
0.676064 1
0.336764 1
0.183974 1
0.412073 1
0.418165 1
0.204992 1
1.258139 1
0.817187 1
0.191863 1
0.210042 1
0.280217 1
1.608016 1
0.386128 1
0.128003 1
0.322998 1
1.281367 1
0.262890 1
0.525127 1
1.681270 1
0.407045 1
0.802272 1
1.295072 4
0.634058 1
0.044851 1
1.508218 1
0.058872 1
1.399752 3
1.207676 3
0.273170 3
0.205836 3
0.305203 3
0.197973 3
0.841349 3
0.191871 3
0.451098 3
1.663731 1
1.159693 1
1.027211 1
0.349787 1
0.504040 1
0.380236 1
2.939525 4
0.812158 1
0.096609 4
0.661385 1
0.142235 1
1.337734 1
0.114134 1
1.743236 3
0.478084 4
0.569887 4
0.175087 1
0.772175 1
0.064856 1
0.576612 3
1.197922 3
0.306819 3
0.161098 3
0.540956 3
0.179001 3
0.237185 3
0.217928 3
0.485212 2
5.520900 103
0.090022 94
0.275029 95
0.030787 92
0.015267 105
0.001819 98
0.022761 94
0.081801 95
0.013591 92
0.003624 105
0.003924 98
0.005554 32
0.056011 39
0.006510 32
0.006638 31
0.331195 36
0.873409 30
0.317194 44
0.049157 52
0.001122 33
0.000448 42
0.085620 24
0.890563 31
5.599569 44
0.065991 34
0.001678 53
0.002268 32
0.048854 34
0.008608 40
0.020446 36
0.008072 38
0.024991 49
0.005837 42
0.214366 39
0.018722 35
0.028127 36
0.271190 32
0.004372 34
0.061756 36
0.026479 32
0.059268 60
0.097762 65
0.198240 43
0.016504 47
0.728356 27
0.042252 32
0.221901 25
0.002304 30
0.195520 56
0.002065 40
0.008017 46
0.021369 47
0.002624 29
0.017572 34
4.320376 92
2.766340 29
0.043115 1
4.264235 1
0.160476 1
0.399436 1
0.537809 1
0.374024 1
0.170875 1
1.537301 1
0.208926 1
0.367238 1
0.593985 1
0.260966 1
0.199060 2
0.505232 83
0.110256 89
0.000762 11
2.478117 4
1.564744 4
0.210948 4
0.169087 1
1.296120 1
0.225005 2
3.446972 65
2.523929 80
0.756594 184
0.753559 89
0.019543 10
0.949168 4
0.575470 4
0.175023 1
0.168041 1
0.216112 1
1.322097 2
0.421393 62
78.242039 89
0.000734 11
2.471958 4
0.796924 4
0.220438 4
0.158422 1
0.920294 1
0.985166 1
0.437867 11
0.518213 2
0.947462 17
1.334453 15
0.000081 19
0.000100 17
0.000117 52
0.000106 10
0.000111 90
0.000117 17
0.000106 15
0.000110 19
0.000123 17
0.000153 52
0.000125 10
0.000111 17
0.000108 15
0.000097 19
0.000112 17
0.000091 52
0.000164 10
0.000089 17
0.000086 15
0.000101 19
0.000145 17
0.000136 52
0.000116 10
0.000107 17
0.000107 15
0.000099 19
0.000104 17
0.000105 52
0.000120 10
0.000097 17
0.000108 15
0.000102 19
0.000106 17
0.000134 52
0.000157 10
0.000057 17
0.000102 15
0.000103 19
0.000130 17
0.000113 52
0.000107 10
0.000093 17
0.000119 15
0.000186 19
0.000109 17
0.000114 52
0.000108 10
0.000105 418
0.041918 89
0.006170 22
2.660086 4
0.744366 4
0.500872 4
0.029786 4
0.030153 4
0.030994 4
0.031085 4
0.031916 4
0.030296 4
0.030998 4
0.031000 4
0.031749 4
0.203038 4
0.207013 4
0.164080 1
1.482130 1
0.143031 1
0.415057 1
0.465153 2
0.444445 56
3.010921 251
15.401756 44
0.298074 89
1.293755 12
1.165311 18
0.667122 40
0.508252 9
0.589726 5
0.119120 9
0.559660 2
0.496322 65
6.858453 80
0.723605 65
1.001423 68
1.177501 73
0.234473 33
0.000474 38
0.000346 38
0.061759 56
0.131257 58
0.500023 32
0.071897 78
0.274626 46
0.386498 40
0.000141 47
0.000191 44
16.619193 56
0.045360 454
0.189273 38
0.001006 65
1.310688 92
3.707928 184
2.035834 89
0.026479 10
0.841715 6
0.342833 18
0.609302 40
0.486941 2
0.563851 53
3.183662 43
0.044589 1
1.020900 1
0.233892 4
0.857277 1
0.083745 1
0.601006 1
0.139270 1
0.315022 2
0.427823 392
0.005758 8
3.371768 34
0.001608 89
0.000736 6
