0.101155 94
0.092859 1
1.148686 1
0.247719 1
0.291985 1
0.247935 1
1.320241 11
0.602902 2
1.081708 2100
0.000775 86
0.000286 1
3.220195 1
0.386644 6
0.422038 1
1.226133 1
0.180069 1
1.152653 1
1.156763 1
0.217840 1
0.187643 7
1.085794 7
0.235713 7
0.255301 11
0.460898 11
0.183944 11
0.168069 7
1.112866 7
0.263379 7
0.436004 3
0.935872 3
0.390950 3
0.505160 1
1.072490 1
0.175873 1
0.478208 1
0.938165 1
0.191648 1
0.128312 1
0.311986 1
0.351972 2
1.356577 67
1.680197 53
0.522804 12
1.736749 21
0.000106 12
2.034894 21
0.000105 12
1.016247 21
0.000168 33
0.608310 12
0.728496 63
0.123048 82
0.158984 86
2.102720 70
1.402064 75
0.232473 35
0.000325 40
0.000271 40
0.073660 58
0.104479 60
0.490403 34
0.066014 80
0.342531 48
0.379344 42
0.000167 49
0.000142 59
15.542515 71
2.375418 59
7.843223 71
2.343659 59
7.698085 168
2.945751 80
1.142353 76
0.490101 86
0.531142 46
0.726040 58
0.044202 468
0.178235 40
0.000821 67
1.525577 91
3.551254 50
1.960116 43
0.606228 53
0.308915 51
0.044996 132
0.322641 164
4.886059 110
0.046141 80
0.001431 110
0.004447 106
0.005865 110
0.003181 112
0.005343 109
0.004166 108
0.010333 79
0.003970 101
0.003235 283
0.008030 200
0.012122 109
0.000107 99
0.000934 163
0.137448 111
0.002738 122
0.006429 120
0.002779 121
0.004463 118
0.003639 445
0.004726 334
0.003994 190
0.009307 114
0.016709 112
0.003067 100
0.002727 209
0.002712 114
0.016292 113
0.002956 289
0.010253 256
0.005730 89
0.013235 338
0.012116 132
0.005871 235
0.002808 381
0.019896 129
0.004398 125
0.001716 685
0.013757 821
0.012394 83
0.018261 330
0.003265 493
0.005712 817
0.008563 107
0.002467 103
0.002022 112
0.004391 394
0.009378 794
0.007942 127
0.001283 193
0.002970 113
0.024765 511
0.000949 465
0.004638 186
0.005698 271
0.003124 611
0.024465 112
0.001649 625
0.014004 566
0.009836 775
0.017664 335
0.005593 454
0.006511 210
0.007925 58
0.940870 58
0.199840 4095
0.009729 3749
0.000051 61
0.000411 91
0.253664 162
0.000401 101
5.784951 104
1.149515 104
0.004597 88
0.006909 368
0.044071 49
0.168974 48
0.881093 82
0.819900 103
0.198154 117
0.845533 102
0.090547 103
2.696778 117
2.506837 117
0.077220 117
0.164372 117
0.079764 117
0.069129 117
0.033370 117
0.066157 117
0.025817 117
0.051197 117
0.041909 117
0.049531 117
0.588243 117
0.045440 117
0.063948 117
0.121080 117
0.047165 117
0.032600 117
0.457422 117
0.021537 117
0.043512 117
0.027738 117
0.047743 117
0.038281 117
0.023960 117
0.013345 117
0.409923 117
0.050709 117
0.027708 117
0.063533 117
0.032591 117
0.026358 117
0.026761 117
0.026911 117
0.040323 117
0.027790 117
0.023483 117
0.028910 117
0.034933 117
0.027465 117
0.027259 117
0.014735 117
0.068533 117
0.043582 117
0.031798 117
0.033493 117
1.504463 117
0.078872 117
0.316059 117
0.043554 117
0.063187 117
0.030905 117
0.060995 117
0.067320 117
0.043587 117
0.053720 117
0.054295 117
0.048424 117
0.026976 117
0.019452 117
0.483358 117
0.309269 117
0.144716 117
0.051530 117
0.017902 117
0.035150 117
0.060123 117
0.055822 117
0.031317 117
1.189852 117
0.340669 117
0.095185 117
0.092097 117
0.064773 117
0.029197 117
0.027488 117
0.070353 117
0.026311 117
0.048577 117
0.036543 117
0.038706 117
0.025304 117
0.039905 117
0.052413 117
0.041889 117
0.133150 117
0.016898 117
0.005150 117
0.009075 117
0.020927 117
0.005396 117
0.019921 117
0.000315 117
0.006021 117
0.009296 117
0.013333 117
0.011096 117
0.007879 117
0.012864 117
0.000615 117
0.011182 117
0.005069 117
0.020380 117
0.007787 117
0.009548 117
0.018491 117
0.007511 117
0.013580 117
0.005651 117
0.009401 117
0.018174 117
0.068341 117
0.006686 117
0.007043 117
0.007966 117
0.006854 117
0.004970 117
0.019235 117
0.008006 117
0.012713 117
0.011173 117
0.009810 117
0.013199 117
0.006401 117
0.003629 117
0.011110 117
0.017812 117
0.007225 117
0.017870 117
0.001980 117
0.006168 117
0.007562 117
0.013415 117
0.007719 117
0.014121 117
0.011188 117
0.009288 117
0.007222 117
0.014489 117
0.001064 117
0.008310 117
0.006189 117
0.013924 117
0.007531 117
0.007313 117
0.014193 117
0.000546 117
0.006452 117
0.007120 117
0.017183 117
0.003931 117
0.000126 117
0.011515 117
0.015353 117
0.004475 117
0.007620 117
0.008388 117
0.014733 117
0.010870 117
0.005922 117
0.021436 117
0.007217 675
0.012114 303
0.008027 4095
2.704626 2402
0.000071 50
0.095109 43
0.696250 53
0.306059 66
0.045891 49
0.003408 94
0.001210 111
0.177268 96
0.002492 92
0.001919 97
0.011660 99
0.016264 99
0.013936 101
0.014406 119
0.018571 50
0.001910 43
0.611218 53
0.209929 187
0.047483 111
0.105653 263
0.009751 99
0.018260 99
0.009876 101
0.017053 119
0.011260 50
0.013671 43
0.604902 53
0.210249 187
0.048364 111
0.099738 263
0.010883 187
0.017971 101
0.025644 119
0.011274 86
0.044641 1
6.095230 1
0.247760 6
0.393963 1
0.806346 1
0.179870 1
0.096268 2
0.500114 47
3.061613 1
0.923222 1
0.664261 1
0.529147 1
0.090525 1
0.320167 1
0.201253 1
0.795496 2
0.412358 41
0.044569 37
12.775363 4
2.117833 4
0.502669 4
0.030108 4
0.035888 4
0.031034 4
0.030666 4
0.032542 4
0.035834 4
0.030180 4
0.035724 4
0.033015 4
0.028065 4
0.031823 4
0.033565 4
0.034035 4
0.026494 4
0.031832 4
0.030041 4
0.033716 4
0.030282 4
0.031993 4
0.033749 4
0.030201 4
0.030603 4
0.033716 4
0.030257 4
0.032078 4
0.033690 4
0.030267 4
0.030128 4
0.031901 4
0.032060 4
0.031894 4
0.033793 4
0.031053 4
0.030172 4
0.033850 1
0.030302 1
0.030054 1
0.031715 1
0.033942 1
0.029992 1
0.031106 1
0.030804 1
0.029948 1
0.030780 1
0.031660 1
0.029931 1
0.030029 37
5.553331 4
1.270671 4
0.500237 4
0.030341 4
0.030501 4
0.030795 4
0.029389 4
0.030737 4
0.030650 4
0.030250 4
0.031148 4
0.030544 4
0.030323 4
0.031629 4
0.029563 4
0.030744 4
0.031766 4
0.029584 4
0.031294 4
0.031621 4
0.030228 4
0.029296 4
0.030784 4
0.030011 4
0.030108 4
0.029436 4
0.031298 4
0.030794 4
0.030696 4
0.031991 4
0.031381 4
0.030716 4
0.031956 4
0.031974 4
0.030027 4
0.030594 4
0.029495 4
0.030782 1
0.030293 1
0.030716 1
0.029284 1
0.030677 1
0.031560 1
0.030465 1
0.031947 1
0.032015 1
0.030679 1
0.030063 1
0.030751 1
0.029927 1
0.029447 1
0.030113 1
0.031251 1
0.030742 1
0.030663 77
46.006690 2
3.245972 134
0.012339 115
0.008258 12
0.036575 40
0.075487 268
0.070384 146
0.206594 281
0.029928 77
15.699639 4
1.666338 4
0.503421 4
0.030164 4
0.031992 4
0.033792 4
0.029326 4
0.032832 4
0.032996 4
0.033044 4
0.033076 4
0.036706 4
0.029223 4
0.031004 4
0.033065 4
0.035203 4
0.029249 4
0.031978 4
0.030995 4
0.034782 4
0.032014 4
0.030377 4
0.034676 4
0.031013 4
0.031007 4
0.031004 4
0.027518 4
0.030783 4
0.033787 4
0.029174 4
0.036817 4
0.030999 4
0.029620 4
0.035794 4
0.028292 4
0.033006 4
0.030989 4
0.033180 4
0.031363 4
0.030621 4
0.030881 4
0.032013 4
0.033051 4
0.031083 4
0.034730 4
0.029026 4
0.030992 4
0.031047 4
0.031049 4
0.030164 4
0.031062 4
0.031949 4
0.031765 4
0.030959 4
0.030280 4
0.030991 4
0.031717 4
0.030283 4
0.031051 4
0.030536 4
0.030958 4
0.031157 4
0.030749 4
0.031869 4
0.031000 4
0.030614 4
0.030575 4
0.030901 4
0.031164 4
0.030880 4
0.031136 4
0.031748 4
0.031162 4
0.030865 4
0.030192 4
0.031795 4
0.030676 4
0.031331 1
0.031161 1
0.031006 1
0.030246 1
0.031702 1
0.030975 1
0.031067 1
0.031040 1
0.030941 1
0.030964 1
0.031444 1
0.029763 1
0.031000 1
0.031786 1
0.030665 1
0.030317 38
14.801638 4
1.919870 2
1.296659 1331
0.031131 103
0.001068 136
0.002011 1
4.973954 1
0.131976 1
0.263913 1
1.660148 1
0.592945 1
0.259734 1
0.182285 2
0.221515 778
0.002742 1
1.341133 1
0.128030 4
0.947116 4
0.212874 1
0.184081 1
0.556124 1
2.752337 1
0.112456 1
0.143467 1
0.260057 2
0.460348 65
0.000650 1
2.387515 1
0.235804 4
0.664473 4
0.175622 1
0.796343 1
0.239852 1
0.364123 1
0.323978 1
0.716144 1
0.219877 1
0.424076 1
0.300043 4
1.812357 4
0.164165 1
0.611998 1
0.271725 1
0.268084 1
0.244030 1
0.155966 1
0.732301 1
0.748070 1
1.092302 4
0.715940 1
0.400039 1
0.265813 1
0.606340 1
0.159837 1
0.295995 1
0.204039 2
0.368335 31
0.090924 132
0.046901 114
0.087753 36
0.369510 25
0.323676 870
0.005861 149
0.251521 27
0.017523 26
0.010647 49
0.045713 146
0.046448 438
0.008025 295
0.002222 149
0.059534 175
0.173541 33
0.057857 19
2.475487 56
0.259824 11
0.804339 2
0.635753 778
0.005441 1
1.294053 1
0.151997 4
0.788691 4
0.163433 1
0.172070 1
0.159869 1
0.088289 1
0.311888 4
0.640299 4
0.211735 4
0.188097 1
0.155926 1
0.648291 4
0.615833 1
0.360135 1
0.448043 1
0.303994 1
0.208056 1
0.404183 1
1.311919 1
0.904413 7
0.162297 2
0.846354 601
0.001680 38
16.740926 4
1.246882 4
0.504321 4
0.031033 4
0.029718 4
0.034827 4
0.031950 4
0.034975 4
0.030177 4
0.031806 4
0.034580 4
0.029123 4
0.032040 4
0.031985 4
0.030167 4
0.033009 4
0.034714 4
0.034133 4
0.029374 4
0.033576 4
0.029041 4
0.034946 4
0.033002 4
0.032864 4
0.032730 4
0.028730 4
0.031831 4
0.035861 4
0.030985 4
0.028198 4
0.034845 4
0.033910 4
0.028292 4
0.035697 4
0.032014 4
0.033079 4
0.027309 4
0.029822 4
0.031876 1
0.030484 1
0.031575 1
0.031979 1
0.032076 1
0.032894 1
0.030183 1
0.030890 1
0.030786 1
0.031057 1
0.031630 1
0.030352 1
0.031043 75
13.457430 2
2.154058 71
0.008128 47
0.005633 137
0.081269 12
0.203122 40
0.415737 178
1.012160 93
0.000202 233
0.247907 146
0.213496 146
0.243670 146
0.202163 146
0.200158 146
0.213256 146
0.202367 146
0.203251 146
0.200200 146
0.324344 146
0.205058 146
1.351552 231
0.002056 98
0.004278 159
0.004045 275
0.000962 134
0.001053 135
0.001098 193
0.000940 79
0.000762 44
0.001116 45
0.000743 245
0.001042 441
0.001130 60
0.000755 188
0.000805 120
0.000731 249
0.000957 403
0.001155 148
0.000820 86
0.000769 128
0.000809 160
0.000829 270
0.001580 57
0.000948 313
0.001196 32
0.001134 32
0.001449 219
0.012234 1820
0.000744 98
0.000097 47
0.001358 44
0.000893 48
0.000642 91
0.000687 46
0.000688 88
0.000704 122
0.000816 311
0.000997 342
0.012615 503
0.011093 1436
0.004143 842
0.001037 438
0.006931 2218
0.018896 480
0.001299 172
0.000884 91
0.000698 70
0.000769 74
0.000662 210
0.000897 71
0.000809 145
0.000825 178
0.000823 110
0.000767 290
0.000979 527
0.001245 105
0.000732 573
0.001359 341
0.001737 103
0.000676 146
0.000737 51
0.000790 265
0.001180 287
0.001568 185
0.001195 152
0.009381 4095
0.003362 182
0.000058 162
0.001233 52
0.000726 54
0.000335 50
0.000691 53
0.000641 46
0.000744 123
0.000850 245
0.001845 151
0.000821 94
0.000720 339
0.001013 73
0.000787 74
0.001250 70
0.001460 144
0.000789 36
0.000716 373
0.001448 78
0.001224 41
0.001010 244
0.010405 1416
0.001937 65
0.001492 258
0.001026 71
0.000706 100
0.001056 110
0.000711 298
0.000934 370
0.001202 443
0.001115 359
0.001099 301
0.001652 616
0.001294 388
0.001323 557
0.001777 426
0.001636 346
0.011070 2328
0.001176 186
0.001677 384
0.001066 95
0.000775 318
0.001034 610
0.001307 268
0.000914 299
0.001017 216
0.001089 162
0.000773 55
0.000594 437
0.001479 224
0.001220 120
0.000659 410
0.001769 332
0.000933 712
0.001906 341
0.001703 300
0.001300 152
0.010465 2693
0.002411 273
0.001415 437
0.000290 421
0.001191 283
0.001019 237
0.001000 386
0.001054 311
0.000987 329
0.000974 326
0.001014 135
0.000759 376
0.001102 313
0.001539 311
0.001281 117
0.012178 1583
0.006169 319
0.006550 239
0.009320 190
0.007965 3392
0.008314 353
0.002352 357
0.013442 140
0.001229 3236
0.011486 1929
0.001452 617
0.000107 402
0.001247 470
0.001055 229
0.000823 724
0.001219 537
0.001170 1007
0.001811 544
0.001180 583
0.001213 421
0.001456 835
0.001956 700
0.001827 614
0.001647 651
0.011833 1443
0.002929 4095
0.000263 1361
0.000055 451
0.000683 648
0.001341 637
0.001642 378
0.001145 530
0.001203 244
0.000961 283
0.001006 178
0.000873 383
0.001075 799
0.001582 327
0.001413 1130
0.001942 326
0.001195 95
0.001163 4095
0.014866 889
0.000057 489
0.000168 315
0.001444 119
0.001092 205
0.000792 277
0.001332 43
0.000626 202
0.000953 420
0.001200 269
0.000967 42
0.000598 160
0.000835 47
0.001356 87
0.001154 91
0.001145 68
0.001224 61
0.000879 61
0.001151 647
0.013628 203
0.001445 439
0.001430 301
0.001335 176
0.001169 142
0.000969 64
0.000807 941
0.002006 1222
0.003080 1501
0.002642 1515
0.002820 470
0.011457 4095
0.002470 1651
0.000095 95
0.001380 38
0.000597 108
0.105491 147
0.000767 178
0.001051 66
0.023206 34
0.000635 101
0.000721 66
0.000875 259
0.001510 169
0.000916 627
0.001381 1218
0.002409 2701
0.012581 4095
0.002140 1922
0.000051 55
0.016714 55
0.012341 4095
0.002034 2087
0.000056 4095
0.001304 1047
0.000038 785
0.001792 344
0.000983 58
0.005900 119
0.001609 229
0.001313 62
0.005199 1049
0.003154 4095
0.009420 1503
0.000011 1157
0.002930 183
0.000278 3475
0.029851 34
0.000275 307
0.001145 623
0.001641 556
0.012698 352
0.001239 422
0.001823 372
0.000913 32
0.010780 1641
0.000224 75
68.566343 66
0.253746 25
0.660985 2
0.846219 921
0.012539 1
9.434791 1
0.103798 1
0.216120 4
0.748200 4
0.203885 4
0.163900 1
0.740308 1
0.283946 1
0.852368 1
1.004079 1
0.772100 1
0.583815 1
0.296050 1
0.360075 1
1.248042 1
0.136052 13
0.354980 2
0.801650 2470
0.002859 41
31.849279 2
2.133122 31
0.277790 148
0.030604 88
0.004734 149
0.436707 149
0.107837 149
0.108495 148
0.606306 149
0.051556 148
0.377451 149
0.005590 148
0.452424 149
0.015361 36
0.162915 52
0.017760 52
0.008092 43
0.019118 37
0.196226 136
0.013878 117
0.046175 97
0.394212 64
0.009807 157
0.007095 259
0.004009 106
0.013134 195
0.013489 90
0.005382 90
0.008297 93
0.007793 66
0.003781 111
0.006253 125
0.004683 226
0.005955 251
0.008522 241
0.007146 486
0.009479 95
0.002790 215
0.004733 107
0.010813 127
0.012332 217
0.017947 160
0.013778 964
0.009092 36
1.273239 25
0.304033 4066
0.007477 39
0.009437 149
0.347371 149
0.024867 148
0.177373 298
0.009555 149
0.171912 149
0.046838 149
0.043459 149
0.053562 149
0.034463 149
0.074775 149
0.056450 149
0.040815 298
0.055624 149
0.025772 149
0.063365 149
0.005076 149
0.188420 149
0.069373 149
0.029723 149
0.019008 149
0.035513 296
0.022378 27
0.030344 26
0.169842 28
0.294068 21
0.004640 146
0.134853 146
0.003068 292
0.006730 3
0.011603 146
0.066421 584
0.010746 730
0.010939 587
0.005723 146
0.234522 733
0.014757 146
0.063653 1025
0.010376 146
0.201595 292
0.010506 876
0.011655 730
0.010333 584
0.010921 584
0.010021 584
0.010952 730
0.010062 730
0.009965 292
0.003046 584
0.010039 730
0.009949 584
0.010051 441
0.007516 146
0.046591 146
0.003039 584
0.010937 730
0.020928 146
0.013114 730
0.010925 730
0.010965 876
0.011126 584
0.011103 730
0.010933 149
0.004758 146
0.047741 733
0.003605 146
0.034441 1022
0.008912 295
0.001789 146
0.016854 1752
0.007836 2774
0.016775 1752
0.010917 149
0.000772 146
0.021383 438
0.009803 733
0.008379 733
0.029324 146
0.025553 876
0.006371 733
0.006562 146
0.016268 733
0.003481 146
0.025312 438
0.010747 584
0.009996 438
0.017248 876
0.010886 876
0.010037 1168
0.011269 1022
0.010555 146
0.010026 146
0.010703 292
0.009811 438
0.010001 295
0.005220 146
0.031848 1460
0.010543 730
0.010952 292
0.010944 584
0.011014 292
0.006383 292
0.010407 292
0.011254 730
0.021073 584
0.028196 876
0.024211 146
0.010926 149
0.002921 146
0.067241 2774
0.010469 1025
0.004830 146
0.015961 1022
0.015444 1314
0.005778 1168
0.010961 292
0.003649 1022
0.107757 292
0.005635 587
0.006877 146
0.035772 730
0.010493 292
0.007739 146
0.001723 584
0.011401 730
0.011323 584
0.010639 876
0.010060 730
0.011457 730
0.010501 876
0.011298 146
0.015769 146
0.031937 146
0.029022 146
0.020010 146
0.021207 146
0.010765 146
0.020101 146
0.047933 146
0.020042 146
0.011147 146
0.020849 146
0.020965 146
0.031007 146
0.040029 146
0.010107 146
0.010941 146
0.021069 146
0.009841 146
0.020286 146
0.010760 146
0.020467 146
0.010552 146
0.011073 146
0.228971 146
0.131064 146
0.010986 146
0.020810 146
0.024177 146
0.019046 149
0.004445 146
0.054812 438
0.010705 876
0.010367 876
0.010642 146
0.003841 876
0.109629 146
0.017224 1314
0.012839 1022
0.010612 146
0.003326 292
0.010542 584
0.011009 441
0.010698 146
0.037572 292
0.011923 730
0.010817 292
0.003089 876
0.010998 584
0.010917 1022
0.011078 1022
0.010911 441
0.005321 146
0.028254 146
0.002141 1314
0.015057 1022
0.006251 1022
0.010036 733
0.006331 146
0.021900 730
0.018448 584
0.003336 295
0.003403 149
0.044096 149
0.029387 149
0.023171 149
0.031143 149
0.036586 149
0.018577 149
0.021686 149
0.031325 149
0.020654 149
0.026331 149
0.022905 149
0.023202 149
0.035929 149
0.017486 149
0.005097 149
0.016844 149
0.007531 298
0.019341 149
0.008979 149
0.007008 149
0.006020 149
0.012937 149
0.008863 149
0.008251 149
0.007823 149
0.017387 149
0.018916 149
0.002654 149
0.006567 149
0.005492 149
0.010807 149
0.010967 149
0.013167 745
0.007004 149
0.009469 447
0.003087 447
0.002843 1006
0.718753 17
0.104308 16
0.001770 41
2.925970 1
1.175847 1
0.499808 1
0.031499 1
0.029786 1
0.030772 1
0.030070 1
0.029416 1
0.030940 1
0.029769 1
0.030351 1
0.030533 1
0.030471 1
0.029858 1
0.031038 1
0.029806 1
0.030838 1
0.029382 1
0.030427 1
0.030531 1
0.029751 1
0.031223 1
0.028633 1
0.030884 1
0.029817 1
0.494601 1
0.235987 57
0.555851 57
0.501317 55
0.030097 57
0.030316 57
0.029492 57
0.030986 104
0.030547 101
0.030598 98
0.031057 95
0.031777 92
0.030184 89
0.031278 86
0.030680 83
0.029841 80
0.030558 1
0.030494 1
0.030528 1
0.030604 1
0.030305 1
0.030549 1
0.029833 1
0.031381 1
0.029792 1
0.030418 79
2.347852 82
0.704066 2
1.408544 15
0.009798 83
0.001783 869
0.000482 2
1.444241 2
0.500152 2
0.029652 2
0.029873 2
0.031052 2
0.030185 2
0.029707 2
0.030925 2
0.031187 2
0.029897 2
0.030993 2
0.031303 2
0.029844 2
0.030150 2
0.030476 2
0.408500 2
0.500760 2
0.029953 2
0.030582 2
0.030369 2
0.029560 2
0.030954 2
0.029948 2
0.031326 2
0.030457 2
0.030357 2
0.029636 2
0.030900 2
0.030145 2
0.030201 2
0.029880 2
0.030876 2
0.029841 2
0.031319 71
0.029375 48
0.029672 67
0.029685 64
0.030872 64
0.030359 76
0.030554 86
0.029519 85
0.029681 55
0.030386 48
0.029934 78
0.030170 99
0.030288 79
0.030238 70
0.030343 80
0.030770 85
0.030311 55
0.029737 48
0.030949 64
0.030280 43
1.818039 88
1.096562 74
0.499795 90
0.031127 77
0.032504 76
0.030450 55
0.032295 48
0.030759 91
0.030837 48
0.030974 76
0.030298 83
0.031139 48
0.031860 98
0.029557 48
0.031295 118
0.031741 97
0.029956 48
0.030547 1460
0.031475 48
0.031917 85
1.283273 60
0.500432 73
0.033017 73
0.031481 68
0.031534 71
0.031457 65
0.031787 48
0.030071 109
0.030858 67
0.030882 71
0.030639 71
0.032380 68
0.030578 79
0.727287 77
0.499806 71
0.032617 74
0.031762 79
0.031190 78
0.031905 74
0.031285 80
0.031144 48
0.031302 83
0.029833 48
0.031251 339
0.031699 2
0.029447 2
0.031246 2
0.030322 2
0.031473 2
0.030465 2
0.031592 2
0.030505 2
0.030515 2
0.030550 48
0.031619 78
0.038078 63
0.031564 55
0.829163 48
0.752177 54
0.499357 58
0.031201 64
0.031212 119
0.032037 102
0.031137 120
0.029227 114
0.032309 48
0.031811 55
0.030511 85
0.031729 81
0.032091 81
0.041014 61
0.021943 69
0.030841 77
0.962232 7
0.967323 7
0.299839 1
0.500693 1
0.501691 1
0.030793 1
0.029598 1
0.030062 1
0.029814 1
0.030879 1
0.031879 1
0.030614 1
0.031442 1
0.030201 1
0.031718 1
0.030597 1
0.030697 1
0.030514 1
0.387078 37
0.692046 37
0.227973 37
0.203925 37
0.171937 37
0.192157 19
1.600095 19
0.256110 19
0.744225 19
0.175838 19
0.288706 37
0.971672 19
0.463906 19
0.199914 19
0.156152 19
0.960201 37
0.700008 19
0.519923 19
2.108606 19
1.003875 19
0.279871 19
0.180008 19
0.135949 19
0.312099 19
6.300770 19
0.668268 19
0.588010 37
1.872561 37
0.231568 37
0.537489 19
0.933850 19
0.216619 37
0.560316 37
0.179994 19
1.040252 19
0.175958 19
0.359985 19
0.828261 37
0.832120 19
0.692081 37
0.916110 19
1.180542 19
0.603836 19
0.203554 19
0.164176 19
1.212106 19
0.260046 19
0.488040 19
0.284042 19
0.179905 19
0.176204 19
1.244112 18
3.702644 43
0.665844 1
1.620231 1
0.055868 1
0.768161 34
0.604938 85
0.001253 38
24.857359 2
2.304971 54
0.077701 90
0.001742 64
0.001752 22
0.000309 91
0.055893 45
0.003368 94
0.002360 101
0.001743 65
0.002439 59
0.001475 1149
0.000817 26
0.000788 1563
0.002898 17
0.086765 70
0.003182 8
0.082591 25
0.004534 58
0.002953 33
0.001120 8
0.043357 61
0.000744 38
0.032281 8
0.020091 46
0.002940 8
0.040243 36
0.001407 8
0.047435 36
0.001542 52
0.048587 8
0.022113 25
0.011776 8
0.019827 27
0.004228 8
0.025399 25
0.004883 8
0.029171 28
0.004567 12
0.022919 28
0.001505 36
0.046441 8
0.030001 30
0.002771 8
0.031245 24
0.002464 46
0.031190 22
0.004162 8
0.039099 27
0.002435 8
0.045765 31
0.001462 12
0.010336 23
0.002082 8
0.043810 27
0.001786 8
0.039632 29
0.001120 8
0.043510 28
0.001684 8
0.031742 39
0.013828 8
0.031011 39
0.001527 8
0.042133 29
0.002595 8
0.046852 26
0.000956 34
0.033237 8
0.029453 23
0.004605 8
0.037558 26
0.000931 12
0.047847 23
0.002086 12
0.049632 24
0.002416 48
0.042226 8
0.032026 28
0.002810 12
0.016908 32
0.011435 8
0.061679 25
0.002134 8
0.044147 26
0.001968 12
0.014701 27
0.002742 12
0.022640 25
0.001622 8
0.040224 26
0.001635 8
0.037399 25
0.002472 12
0.037513 34
0.001513 8
0.035770 30
0.001847 8
0.050241 36
0.001759 8
0.036573 26
0.001746 12
0.023075 29
0.001502 8
0.040605 32
0.001721 12
0.020646 27
0.001583 12
0.022039 31
0.002293 8
0.039012 27
0.001741 12
0.024059 40
0.001758 8
0.037299 31
0.001817 12
0.022682 31
0.001579 12
0.023203 27
0.001545 8
0.038255 33
0.004311 8
0.039448 33
0.001156 8
0.036840 29
0.001804 8
0.037855 29
0.001751 8
0.036973 25
0.001942 8
0.040076 26
0.001716 8
0.044911 35
0.000423 12
0.015770 34
0.002492 8
0.040474 25
0.004960 10
0.044420 26
0.001142 10
0.043341 31
0.001519 10
0.041782 28
0.000915 10
0.043883 25
0.002843 8
0.031634 25
0.001025 8
0.033243 29
0.001004 8
0.033474 34
0.000944 10
0.038774 26
0.002382 8
0.036784 26
0.001983 8
0.037043 26
0.002994 8
0.035332 23
0.000981 8
0.035727 26
0.000954 18
0.030255 37
0.001075 16
0.027328 28
0.002474 10
0.044981 27
0.000841 10
0.039551 28
0.002336 10
0.040467 25
0.003202 8
0.044152 31
0.000004 12
0.041366 24
0.001683 8
0.043301 25
0.002588 8
0.031594 26
0.000192 8
0.041095 25
0.001734 8
0.044361 30
0.000161 8
0.035436 47
0.001767 8
0.035926 33
0.002514 8
0.039969 27
0.001785 8
0.047387 42
0.001773 8
0.039322 46
0.001690 8
0.041779 39
0.000294 8
0.044456 33
0.001781 12
0.044372 47
0.000222 8
0.036441 42
0.001759 8
0.041249 31
0.001844 8
0.040755 32
0.005022 8
0.037120 36
0.001742 8
0.040404 39
0.002099 12
0.025019 37
0.001687 8
0.040523 46
0.009120 8
0.031055 52
0.000704 8
0.035647 36
0.001859 8
0.038336 30
0.001772 8
0.043782 29
0.064893 8
0.037610 33
0.001767 8
0.041328 29
0.003840 8
0.036503 24
0.012443 157
0.709698 314
0.000966 421
0.001318 23
0.002064 256
0.006788 42
0.023154 105
0.169915 24
0.908538 19
0.030042 1010
0.132375 178
0.013897 128
0.053452 136
0.055596 26
0.054996 52
0.008432 51
0.056280 638
0.013041 570
0.113282 590
0.407121 566
0.089291 570
0.167681 586
0.264474 105
0.116973 72
0.002099 606
0.003004 606
0.018774 610
0.025243 606
0.128384 606
0.024657 610
0.100621 606
0.024438 610
0.024926 91
0.032918 548
0.111735 95
0.009120 552
0.216477 99
0.008794 556
0.319705 85
0.009726 542
0.225913 85
0.009822 542
0.040856 598
0.006692 614
0.152818 614
0.066912 614
0.062524 602
0.058810 610
0.048951 614
0.041579 602
0.050068 610
0.178746 614
0.094280 610
0.095541 610
0.034510 606
0.054547 610
0.078943 614
0.260148 606
0.064169 606
0.127357 610
0.053657 606
0.047900 614
0.057376 618
0.067203 614
0.105588 614
0.032724 638
0.143040 614
0.071592 614
0.091853 614
0.097901 614
0.196763 618
0.070822 614
0.080825 614
0.041950 614
0.082290 606
0.053263 606
0.065015 614
0.051225 602
0.047666 614
0.063541 606
0.061616 606
0.057892 606
0.048428 602
0.056756 606
0.054319 614
0.064974 618
0.077776 610
0.078836 610
0.065152 606
0.068949 606
0.051924 614
0.058863 614
0.248083 614
0.108289 614
0.058315 614
0.085636 614
0.166864 614
0.066758 614
0.087957 610
0.069154 614
0.068902 606
0.053420 610
0.055340 606
0.066569 606
0.055731 602
0.056737 606
0.059914 602
0.057298 646
0.054379 650
0.029837 642
0.028175 606
0.032107 622
0.066132 626
0.028926 606
0.054409 598
0.032570 598
0.026984 606
0.103200 602
0.026277 602
0.035739 602
0.109480 606
0.067786 602
0.204439 606
0.066075 606
0.063045 606
0.090553 606
0.084525 606
0.058325 602
0.049820 606
0.049816 606
0.031060 610
0.157622 610
0.063023 606
0.129392 610
0.097650 614
0.113695 602
0.096589 610
0.066405 606
0.071635 606
0.056765 610
0.086673 610
0.045501 618
0.062267 618
0.225001 626
0.192188 626
0.048476 630
0.043641 598
0.096637 606
0.050567 606
0.070065 598
0.034133 602
0.062372 594
0.037861 598
0.041901 598
0.054657 607
0.029164 602
0.208812 598
0.061533 602
0.089469 610
0.180228 602
0.054595 598
0.043488 598
0.180684 602
0.079670 598
0.087683 598
0.048284 602
0.109032 606
0.141739 606
0.096754 602
0.095840 602
0.087940 606
0.057971 598
0.063655 602
0.056328 598
0.061364 602
0.036577 606
0.070748 77
0.050163 534
0.122305 81
0.007705 538
0.103541 606
0.007383 81
0.051048 538
0.028314 81
0.006627 538
0.084428 83
0.006829 540
0.190784 618
0.008707 614
0.029278 93
0.055271 550
0.093987 630
0.007311 630
0.020637 630
0.029851 634
0.026130 630
0.016442 610
0.018740 602
0.031140 602
0.025235 610
0.109211 606
0.026130 93
0.111424 550
0.218791 614
0.008719 614
0.050789 598
0.082457 610
0.093816 606
0.080951 602
0.089886 602
0.063595 606
0.074666 606
0.089561 606
0.150273 606
0.031294 602
0.102763 610
0.077398 606
0.114162 610
0.140927 602
0.097135 614
0.182946 606
0.172623 614
0.039824 614
0.030554 614
0.049046 614
0.064754 614
0.184853 614
0.039387 618
0.075872 614
0.061763 614
0.110429 614
0.060597 590
0.058046 594
0.029030 598
0.054085 598
0.080005 598
0.029850 598
0.082502 610
0.113419 598
0.065020 598
0.074461 614
0.104725 598
0.087087 610
0.072002 582
0.063293 435
0.031209 603
0.005417 610
0.046000 606
0.038393 610
0.057568 610
0.089545 606
0.047552 606
0.068734 610
0.686557 606
0.048796 602
0.030964 610
0.047024 610
0.186635 610
0.034675 606
0.045792 610
0.041883 610
0.048492 610
0.033842 606
0.025973 606
0.062747 610
0.049137 606
0.060516 602
0.220733 606
0.054014 602
0.063944 598
0.037983 598
0.030931 598
0.044534 598
0.080579 598
0.063800 602
0.089988 606
0.056461 598
0.103256 614
0.049406 614
0.039952 614
0.049572 610
0.126874 610
0.058591 606
0.047675 606
0.028080 606
0.131876 606
0.048082 610
0.089483 610
0.058287 614
0.092190 606
0.082256 610
0.045950 606
0.036022 602
0.034876 614
0.027970 606
0.060217 606
0.027847 622
0.083170 606
0.028942 614
0.029708 586
0.032575 614
0.016715 716
0.780941 692
0.075411 720
0.468589 680
0.049683 696
0.076276 684
0.188862 602
0.115844 606
0.072081 606
0.151590 602
0.180110 606
0.177520 606
0.051228 598
0.094709 598
0.047071 598
0.034347 606
0.139200 598
0.088030 602
0.198340 598
0.149710 606
0.058109 606
0.110444 606
0.052790 610
0.051940 614
0.063598 614
0.104714 610
0.044562 602
0.042912 606
0.070635 606
0.065271 622
0.055929 622
0.025156 622
0.008055 626
0.020383 97
0.017369 554
0.359202 622
0.015141 602
0.173768 606
0.076679 606
0.237167 85
0.173828 542
0.051054 618
0.006493 618
0.057987 622
0.081945 618
0.085836 618
0.091019 618
0.029283 622
0.084587 618
0.067913 622
0.087809 634
0.089765 622
0.095058 630
0.070688 626
0.060097 626
0.086274 626
0.086782 610
0.066582 626
0.062768 614
0.067361 622
0.076155 626
0.071251 618
0.095376 614
0.065997 590
0.063507 606
0.230026 606
0.034440 606
0.046489 606
0.117617 602
0.081925 602
0.061496 602
0.102129 602
0.073480 614
0.056373 602
0.054437 622
0.092709 669
0.275301 677
0.194883 626
0.218850 594
0.227644 642
0.064401 602
0.080859 654
0.063466 607
0.130199 611
0.085598 602
0.118907 602
0.068741 598
0.044321 598
0.041605 598
0.078726 634
0.048366 598
0.071518 602
0.030140 622
0.065919 610
0.069636 602
0.052228 606
0.098324 606
0.067138 606
0.174451 606
0.032934 606
0.079551 606
0.123057 610
0.085422 598
0.075563 598
0.033526 598
0.061142 618
0.057998 602
0.072265 602
0.070197 610
0.062534 602
0.061200 611
0.072203 610
0.064006 594
0.092908 598
0.068532 606
0.078327 610
0.068068 598
0.093056 598
0.053009 598
0.053913 602
0.162913 602
0.059579 602
0.065297 610
0.059647 618
0.060226 610
0.128784 610
0.096649 614
0.077712 590
0.162488 586
0.092156 614
0.031080 614
0.050496 598
0.081105 602
0.079825 610
0.092223 602
0.029409 610
0.024513 606
0.028087 578
0.038913 594
0.109317 606
0.090915 602
0.029977 610
0.083398 618
0.086032 606
0.051069 610
0.088378 606
0.102970 81
0.032318 538
0.051876 610
0.007109 606
0.052802 614
0.031984 614
0.033100 574
0.048194 590
0.052497 590
0.029799 97
0.161894 554
0.063609 610
0.006647 610
0.054678 610
0.140201 610
0.064200 610
0.063648 619
0.091686 89
0.158011 546
0.113941 610
0.007252 610
0.156442 614
0.054796 610
0.062613 582
0.057280 586
0.050231 590
0.033809 586
0.035432 582
0.031319 586
0.067316 622
0.065059 622
0.087377 622
0.174782 622
0.028219 626
0.052898 614
0.052587 610
0.108080 614
0.123344 614
0.032810 610
0.121218 614
0.116473 614
0.086553 614
0.097677 614
0.098469 610
0.107352 606
0.084114 606
0.118177 610
0.029644 606
0.094244 606
0.207369 606
0.053737 610
0.085924 610
0.088876 610
0.055889 610
0.055833 602
0.056662 618
0.200703 618
0.073249 622
0.065874 622
0.063436 618
0.059250 622
0.125815 622
0.066022 618
0.056117 622
0.080979 622
0.076541 622
0.096637 618
0.070242 618
0.052265 622
0.055924 618
0.071543 618
0.087467 614
0.028745 618
0.035202 618
0.090149 618
0.063753 614
0.200040 618
0.117648 622
0.055420 618
0.130311 101
0.029705 558
0.190010 630
0.008649 654
0.042641 654
0.052967 629
0.085613 546
0.042016 614
0.170256 614
0.147431 614
0.015888 614
0.033339 618
0.141219 614
0.113678 614
0.026779 614
0.054490 606
0.046285 606
0.072010 610
0.021195 610
0.035081 610
0.030978 89
0.030009 546
0.088749 81
0.007210 538
0.046670 622
0.007097 618
0.176369 614
0.029575 610
0.204490 606
0.067300 610
0.060184 610
0.056535 606
0.041483 606
0.039111 606
0.071902 610
0.117790 602
0.063936 610
0.050882 610
0.037896 610
0.133816 606
0.147131 614
0.080541 606
0.186632 606
0.050160 610
0.097183 610
0.065955 606
0.080644 610
0.073837 614
0.053093 598
0.055439 614
0.297230 614
0.026138 614
0.028113 614
0.029727 95
0.034078 552
0.039079 89
0.006816 546
0.401937 83
0.012084 540
0.369681 610
0.010055 610
0.038036 93
0.041840 550
0.409076 87
0.011644 544
0.349212 602
0.010106 87
0.070567 544
0.371394 602
0.009920 622
0.081757 646
0.065100 646
0.050459 614
0.088150 606
0.117259 614
0.029243 610
0.082136 598
0.092243 590
0.045853 590
0.261992 606
0.164746 606
0.099498 606
0.141472 630
0.118755 622
0.219679 626
0.030491 622
0.061023 642
0.141159 638
0.089473 610
0.053572 622
0.049978 606
0.029700 602
0.025411 602
0.121096 598
0.139994 598
0.030641 622
0.078693 622
0.072432 622
0.099175 618
0.093961 622
0.202704 626
0.114603 626
0.157090 614
0.087115 598
0.090661 598
0.028738 602
0.215728 614
0.049633 602
0.089142 574
0.072877 89
0.030371 546
0.055815 626
0.007503 606
0.070551 610
0.102923 602
0.085183 602
0.075556 606
0.091384 614
0.115030 614
0.104383 610
0.128023 614
0.057064 614
0.054294 614
0.030729 610
0.083207 618
0.186041 614
0.068610 614
0.080843 614
0.058293 614
0.093503 614
0.093522 614
0.109680 610
0.060078 614
0.095168 614
0.434228 614
0.137659 614
0.077285 614
0.101707 614
0.056963 614
0.060845 602
0.057084 614
0.133612 602
0.064150 610
0.135735 606
0.056568 614
0.157394 602
0.123306 606
0.076733 610
0.100205 626
0.088853 622
0.098058 618
0.110781 618
0.081387 622
0.080695 622
0.089185 618
0.150680 622
0.382303 618
0.129092 622
0.085381 614
0.070001 618
0.139038 622
0.195169 622
0.075350 618
0.082420 622
0.139745 618
0.172527 618
0.190127 622
0.072512 618
0.098951 614
0.114201 618
0.099636 614
0.115297 614
0.076704 622
0.114594 614
0.157024 618
0.117315 622
0.067698 614
0.072797 622
0.066147 614
0.072834 618
0.085803 618
0.199036 622
0.073113 618
0.088736 614
0.076419 610
0.260465 71
0.031270 532
0.032189 590
0.011208 87
0.050277 544
0.056988 602
0.006488 4095
0.053551 3329
0.000078 4095
0.000383 3293
0.000303 26
0.010651 40
0.046637 578
0.079551 574
0.129609 574
0.174360 578
0.075150 578
0.078433 574
0.091538 574
0.103945 626
0.084740 626
0.080830 626
0.170005 622
0.278545 622
0.080875 646
0.297309 574
0.089335 574
0.150721 574
0.127475 574
0.249140 582
0.078247 582
0.103798 582
0.217024 582
0.313848 578
0.224311 582
0.051446 578
0.071541 582
0.761461 578
0.087090 582
0.208733 582
0.204468 578
0.085899 582
0.087259 618
0.059427 638
0.219294 638
0.307461 638
0.134799 602
0.321464 622
0.146317 622
0.420464 618
0.194284 622
0.339672 574
0.447433 574
0.137062 578
0.456161 586
0.069599 578
0.152061 811
0.134337 60
0.004291 634
0.005430 594
0.043975 610
0.030131 638
0.082855 602
0.128971 642
0.048286 610
0.018860 610
0.044245 614
0.062350 634
0.049209 606
0.032112 638
0.216589 329
0.027639 80
0.002427 57
0.007865 157
0.079696 133
0.103902 153
0.386818 137
0.094385 137
0.239822 149
0.099768 141
0.087186 153
0.140805 137
0.100140 157
0.087494 133
0.091481 153
0.090105 137
0.110615 149
0.150603 149
0.138419 149
0.081301 153
0.082122 149
0.097080 141
0.088246 141
0.079847 153
0.278173 149
0.159605 149
0.235937 145
0.186407 145
0.085053 141
0.101661 161
0.089032 153
0.077289 145
0.117111 141
0.080490 149
0.079873 137
0.134701 137
0.276896 149
0.093146 157
0.092817 157
0.526901 149
0.460166 153
0.110225 145
0.088492 145
0.135647 145
1.456265 137
0.085959 157
0.156824 133
0.111585 149
0.155020 153
0.105537 141
0.077679 20
0.213385 743
0.001154 130
0.134275 158
0.117949 155
0.046426 150
0.103851 27
0.057536 137
0.000778 138
0.079976 155
0.046935 134
0.101533 23
0.045623 129
0.002032 138
0.078989 24
0.076836 137
0.000521 126
0.091545 21
0.061648 125
0.000541 130
0.078897 22
0.031988 127
0.000818 126
0.105224 21
0.049743 125
0.000527 122
0.078335 20
0.053144 123
0.000569 138
0.077644 24
0.090634 137
0.000565 130
0.093334 22
0.065223 127
0.000667 150
0.103374 22
0.023882 113
0.000616 150
0.020280 22
0.052925 132
0.000536 178
0.080059 29
0.047596 146
0.001222 178
0.080561 29
0.097391 146
0.000573 190
0.081759 31
0.054509 153
0.000567 202
0.104294 35
0.040342 158
0.002708 170
0.082927 27
0.078048 142
0.000490 158
0.083768 158
0.117844 24
0.185715 160
0.000526 150
0.105923 22
0.055213 113
0.000580 166
0.103055 26
0.129279 146
0.000525 138
0.096997 19
0.103710 126
0.000579 182
0.083791 30
0.105180 148
0.000546 162
0.084195 25
0.100093 138
0.000928 178
0.106934 29
0.085725 146
0.000552 162
0.080472 25
0.059919 138
0.000577 138
0.081166 19
0.639785 126
0.000612 69
0.085817 166
0.012105 28
0.019213 129
0.000829 71
0.015425 170
0.004949 29
0.030870 131
0.000581 73
0.023567 174
0.002923 30
0.030081 133
0.000830 73
0.012342 174
0.005822 30
0.022648 133
0.000650 69
0.016895 166
0.004739 157
0.029086 79
0.014090 186
0.005723 33
0.019323 139
0.000605 67
0.020379 162
0.002991 154
0.026087 75
0.014434 178
0.004884 31
0.024032 135
0.000515 79
0.015136 186
0.006622 33
0.016601 139
0.000538 71
0.015164 170
0.004421 160
0.022001 71
0.012825 170
0.005077 160
0.046752 69
0.008212 166
0.004550 28
0.062281 129
0.000617 71
0.015152 170
0.004550 29
0.026995 131
0.000261 71
0.014435 170
0.006018 29
0.028455 131
0.001150 79
0.019060 186
0.004765 33
0.028503 139
0.000504 75
0.019423 178
0.002614 166
0.032018 67
0.010248 162
0.004722 27
0.045737 127
0.000799 69
0.014850 166
0.006167 28
0.019103 129
0.000539 67
0.016368 162
0.005207 27
0.029796 127
0.001629 69
0.014233 166
0.005735 28
0.032457 129
0.002826 73
0.012546 174
0.004640 30
0.021284 133
0.000233 73
0.012303 174
0.004820 30
0.019085 133
0.000550 75
0.024546 178
0.001579 166
0.027415 67
0.006980 162
0.004598 27
0.031086 127
0.000610 71
0.019742 170
0.002009 29
0.030924 131
0.000597 73
0.015740 174
0.012826 163
0.033282 75
0.007814 178
0.005026 31
0.050984 135
0.000637 69
0.014173 166
0.005172 157
0.036051 71
0.015618 170
0.004730 160
0.047844 71
0.004776 170
0.004486 29
0.021656 131
0.000191 69
0.015507 166
0.013172 28
0.011082 129
0.000606 73
0.019259 174
0.002097 163
0.028877 69
0.014773 166
0.005571 28
0.019590 129
0.000526 69
0.023490 166
0.001516 28
0.017412 129
0.000751 71
0.014878 170
0.004526 29
0.023990 131
0.000326 73
0.014229 174
0.015414 30
0.009870 133
0.000506 77
0.020808 182
0.000178 169
0.031494 77
0.013317 182
0.005432 169
0.043488 71
0.004460 170
0.004599 29
0.057431 131
0.000522 79
0.014798 186
0.004508 172
0.026611 79
0.009018 186
0.004370 172
0.020339 69
0.014124 166
0.005834 28
0.048673 129
0.000578 71
0.023826 170
0.000177 29
0.019912 131
0.010270 75
0.005726 178
0.004586 166
0.052118 73
0.014080 174
0.005530 163
0.040486 71
0.008043 170
0.004503 29
0.023758 131
0.000629 81
0.016734 190
0.011875 34
0.016386 141
0.001220 69
0.015752 166
0.004522 28
0.021512 129
0.002032 69
0.013232 166
0.017959 28
0.007254 129
0.000574 75
0.021964 178
0.000918 166
0.030995 69
0.010887 166
0.005694 28
0.032658 129
0.001627 81
0.015678 190
0.004535 175
0.021830 71
0.015890 170
0.014055 29
0.017726 131
0.001260 69
0.016024 166
0.004589 157
0.020850 69
0.015390 166
0.005685 157
0.034153 71
0.013087 170
0.004400 29
0.054222 131
0.000605 69
0.014144 166
0.004447 28
0.053320 129
0.000627 71
0.015617 170
0.004691 29
0.025521 131
0.000991 73
0.008685 174
0.005119 30
0.020235 133
0.000616 73
0.016513 174
0.011515 30
0.045477 133
0.000569 79
0.014552 186
0.005363 172
0.026374 71
0.008927 170
0.005205 29
0.050014 131
0.001157 67
0.015995 162
0.006858 27
0.056774 127
0.000602 75
0.015521 178
0.004552 31
0.027998 135
0.000695 67
0.014609 162
0.014224 27
0.041148 127
0.000550 79
0.020205 186
0.002395 33
0.019756 139
0.003062 71
0.014181 170
0.005316 29
0.051135 131
0.000070 79
0.013077 186
0.017508 172
0.042161 75
0.018318 178
0.006067 31
0.064291 135
0.000574 146
0.014711 21
0.057453 130
0.000578 198
0.110891 190
0.043737 198
0.082775 33
0.073640 160
0.000582 178
0.112442 29
0.090361 152
0.000540 174
0.093714 28
0.081891 150
0.000550 174
0.128474 28
0.083502 150
0.000497 174
0.096638 28
0.101609 150
0.000566 161
0.093899 21
0.075074 133
0.000633 154
0.080313 23
0.075610 134
0.000562 182
0.102799 30
0.075738 148
0.000644 186
0.081843 31
0.131382 150
0.000648 142
0.083515 20
0.085612 128
0.000618 142
0.082836 20
0.143335 128
0.000602 194
0.095439 32
0.077775 155
0.000515 227
0.081841 35
0.073854 161
0.000602 146
0.079887 21
0.076866 130
0.000551 146
0.080910 21
0.131820 136
0.000542 142
0.105780 20
0.187856 128
0.000513 138
0.081201 19
0.116206 126
0.000566 181
0.083821 181
1.575402 27
0.132239 164
0.001034 146
0.145699 21
0.165604 133
0.000526 206
0.102988 36
0.063886 160
0.000541 142
0.081634 20
0.049968 128
0.000612 170
0.079219 26
0.100698 164
0.000486 146
0.097230 21
0.095038 154
0.000596 178
0.111076 29
0.094582 152
0.000562 190
0.094378 29
0.096284 149
0.000594 150
0.079729 22
0.133685 132
0.000613 162
0.085380 25
0.057195 138
0.000604 138
0.095997 19
0.427381 126
0.000599 154
0.079894 23
0.102551 134
0.000524 142
0.079474 20
0.029518 128
0.000640 170
0.081651 27
0.192900 142
0.000567 146
0.099998 21
0.594732 130
0.000612 154
0.086705 23
0.081398 134
0.000640 142
0.081814 20
0.061555 128
0.000606 162
0.080860 25
0.071228 162
0.000632 154
0.100893 23
0.046490 134
0.001914 150
0.104248 21
0.079645 154
0.000518 146
0.096546 21
0.080396 130
0.000566 146
0.092991 151
0.044115 142
0.081469 20
0.084213 128
0.000579 154
0.089310 23
0.106122 134
0.000574 142
0.081752 20
0.030223 128
0.000674 190
0.082957 31
0.037967 150
0.003039 146
0.086427 21
0.053058 130
0.000603 158
0.081897 24
0.030732 136
0.000855 194
0.024191 32
0.083434 155
0.000554 158
0.126036 24
0.109363 136
0.000606 154
0.083247 23
0.216779 134
0.000523 150
0.081144 154
0.046810 142
0.080653 20
0.064483 128
0.000580 186
0.081659 31
0.061987 150
0.000769 170
0.102095 27
0.057301 142
0.000621 206
0.086696 35
0.051744 161
0.000751 142
0.081052 20
0.034035 128
0.001033 142
0.090883 20
0.047197 128
0.000806 142
0.125726 20
0.028156 128
0.001125 182
0.084049 30
0.030104 151
0.000567 166
0.084041 26
0.088019 164
0.000618 158
0.110692 24
0.030262 108
0.000598 158
0.015778 24
0.051797 136
0.000604 146
0.083203 21
0.066032 130
0.000711 154
0.103261 23
0.055357 134
0.000564 154
0.081418 23
0.071804 134
0.000690 174
0.082146 28
0.108472 168
0.000613 202
0.099543 34
0.109527 159
0.000581 182
0.094128 30
0.135732 151
0.000552 186
0.081065 30
0.049775 151
0.000576 142
0.082953 20
0.065128 128
0.000518 230
0.081801 41
0.070623 170
0.000570 162
0.082713 25
0.068100 144
0.001082 182
0.124253 146
0.283246 162
0.130526 21
0.261917 180
0.000692 182
0.104723 30
0.094884 174
0.000558 158
0.094112 23
1.192440 158
0.000586 166
0.102654 26
0.081228 164
0.000610 170
0.095292 27
0.094236 166
0.000627 162
0.096310 24
0.440878 123
0.000537 154
0.118007 23
0.105659 134
0.000642 170
0.082616 27
0.065081 148
0.000619 150
0.096554 22
0.240045 132
0.000536 158
0.082546 160
0.045413 178
0.082260 29
0.058008 146
0.000613 162
0.101970 25
0.149246 162
0.000504 194
0.097625 32
0.098587 161
0.000666 149
0.097583 19
0.080430 147
0.000607 134
0.111975 18
0.062378 124
0.000568 154
0.104338 23
0.114052 134
0.000554 182
0.082427 30
0.079125 148
0.000835 146
0.087052 21
0.024998 111
0.000601 158
0.016909 24
0.128797 145
0.000558 214
0.084220 38
0.067021 164
0.000584 186
0.094270 31
0.081342 150
0.000642 190
0.082133 31
0.076612 153
0.000628 170
0.081787 27
0.077557 142
0.000676 142
0.083900 20
0.075042 128
0.000542 100
0.082148 22
0.089605 103
0.001810 25
0.055036 108
0.001075 26
0.055483 116
0.001306 30
0.056320 51
0.005604 51
0.004588 85
0.035566 52
0.011295 51
0.289571 151
0.086128 106
0.004647 34
0.001565 34
0.002410 126
0.002760 88
0.004253 90
0.003353 98
0.002322 96
0.002608 92
0.002378 92
0.003678 98
0.002970 280
0.012467 86
0.001815 92
0.002960 94
0.002239 100
0.002258 98
0.002239 90
0.003533 90
0.002950 88
0.003962 94
0.003615 90
0.010331 96
0.002419 90
0.002336 98
0.002217 96
0.003648 94
0.002520 100
0.003715 266
0.010199 86
0.004604 92
0.002478 88
0.002225 94
0.002542 92
0.003179 92
0.002318 94
0.003778 86
0.012378 90
0.002602 92
0.002502 92
0.002604 94
0.003347 100
0.002617 88
0.003206 88
0.011433 362
0.002382 94
0.003082 92
0.003528 88
0.003504 88
0.003710 88
0.003172 90
0.003895 92
0.012690 96
0.002661 96
0.002533 102
0.003228 90
0.002656 96
0.002824 202
0.014149 276
0.000173 94
0.002823 94
0.003299 100
0.002726 92
0.003691 98
0.002468 90
0.003241 100
0.004765 184
0.005609 88
0.003124 88
0.002305 94
0.003042 88
0.002666 94
0.003282 100
0.002465 90
0.002930 266
0.010780 178
0.005272 90
0.001522 94
0.002528 92
0.002353 92
0.003273 98
0.002999 98
0.003553 90
0.004460 86
0.002712 92
0.003466 94
0.002980 86
0.002227 92
0.002395 98
0.002311 90
0.002752 98
0.002769 96
0.002580 94
0.002982 100
0.011768 276
0.002064 96
0.000869 92
0.002962 92
0.002573 98
0.002629 88
0.003694 94
0.002837 98
0.004315 86
0.003125 286
0.008550 98
0.002462 90
0.002670 90
0.002581 88
0.003582 94
0.002781 90
0.003777 186
0.013266 98
0.000003 96
0.002801 94
0.002590 100
0.002640 86
0.003619 92
0.002746 88
0.004045 452
0.013522 92
0.003299 94
0.002569 86
0.002894 90
0.003564 92
0.003036 92
0.014862 370
0.000179 94
0.003401 90
0.002670 90
0.002648 88
0.002771 94
0.002651 92
0.002905 176
0.012890 270
0.002774 96
0.001009 96
0.003218 102
0.002699 90
0.002729 96
0.002547 104
0.002948 98
0.013067 370
0.002151 94
0.001047 100
0.002839 92
0.002470 98
0.002651 90
0.002688 100
0.002595 96
0.003075 88
0.003499 270
0.008106 88
0.003616 94
0.006604 100
0.002742 90
0.002658 88
0.002987 88
0.012225 358
0.003880 94
0.000541 92
0.003024 92
0.002579 98
0.002826 98
0.002646 90
0.002905 86
0.010640 272
0.003993 92
0.000567 98
0.002866 90
0.002557 98
0.002871 96
0.003504 94
0.002883 100
0.004051 70
0.011654 64
0.109280 65
0.015905 82
0.001047 76
0.003735 78
0.003522 36
0.003394 52
0.026873 51
0.055305 154
0.025848 67
0.004681 24
0.000990 37
0.001734 52
0.026904 51
0.056754 155
0.085291 55
0.003866 33
0.001036 67
0.001825 72
0.012981 51
0.003134 390
0.001391 394
0.421843 400
0.184294 398
0.150357 396
0.115509 396
0.105137 394
0.228298 398
0.132065 412
0.102492 400
0.190209 398
0.363377 408
0.149125 396
0.133670 396
0.256171 398
0.232887 408
0.104091 394
0.104118 396
0.156180 400
0.209522 408
0.140821 396
0.140876 398
0.188088 398
0.146343 408
0.127018 398
0.249131 404
0.315536 400
0.099641 402
0.109140 406
0.103691 400
0.258543 404
0.143305 418
0.673111 398
0.241043 416
0.148055 400
0.147838 400
0.148807 412
0.213518 414
0.113167 414
0.110229 408
0.185057 416
0.198142 410
0.132498 402
0.213909 404
0.105010 404
0.108232 404
0.126231 406
0.186183 402
0.110948 416
0.114811 410
0.120326 402
0.106701 418
0.107132 410
0.125960 428
0.107266 408
0.131442 404
0.121940 408
0.103471 406
0.179338 416
0.107489 418
0.103474 414
0.112167 402
0.109719 406
0.103854 420
0.096147 414
0.267137 430
0.105812 434
0.194857 422
0.134770 410
0.117038 416
0.173585 418
0.110890 412
0.108744 416
0.104848 434
0.654609 398
0.308111 443
0.147144 467
0.369518 477
0.696065 459
0.166653 455
0.523506 481
0.320780 469
0.353441 463
0.240893 457
0.441275 461
0.352101 485
0.806516 465
0.215356 483
0.453630 485
0.160281 503
0.184821 483
0.175138 499
0.404066 497
0.202793 489
0.218700 495
0.132941 503
0.467027 495
0.305765 505
0.255091 501
0.140530 501
0.201101 503
0.210510 481
0.228276 513
0.149421 499
0.137673 455
0.171073 467
0.676270 469
0.153654 479
0.115083 479
0.130427 469
0.115901 487
0.154745 497
0.168513 481
0.149956 493
0.236217 485
0.252476 499
0.174611 487
0.148621 493
0.133687 499
0.160432 495
0.149301 487
0.157093 495
0.159510 493
0.192435 487
0.243471 481
0.175067 481
0.304263 501
0.172442 489
0.137628 489
0.180496 481
0.223770 485
0.209903 489
0.573537 485
0.499017 483
0.360272 483
0.321336 493
0.584081 493
0.183493 489
0.117452 497
0.176182 481
0.144628 481
0.139501 501
0.564141 507
0.204310 513
0.138495 505
0.139870 511
0.164592 501
0.163693 497
0.144774 408
0.134040 432
0.165574 424
0.199976 420
0.212908 430
0.203856 432
0.164860 434
0.137858 432
0.151092 434
0.127367 432
0.148180 434
0.135974 442
0.195251 434
0.285930 418
0.233417 438
0.187892 432
0.263816 434
0.250036 442
0.155564 440
0.221270 444
0.301081 436
0.340347 460
0.196541 458
0.218880 440
0.137157 446
0.202586 454
0.144525 446
0.180073 440
0.166342 440
0.290192 460
0.166273 446
0.130369 460
0.124022 472
0.202500 464
0.134546 460
0.156995 456
0.138622 389
0.158858 4095
0.102655 3858
0.000009 216
0.323560 64
0.015571 111
0.000655 1149
0.003994 26
0.000743 1527
0.002262 17
0.088161 43
0.003640 27
0.000963 8
0.043965 25
0.000200 58
0.001937 33
0.001309 8
0.040074 61
0.001395 8
0.029483 30
0.000941 8
0.031684 46
0.000902 8
0.039102 36
0.009484 8
0.042120 36
0.001568 8
0.046844 44
0.001086 8
0.026647 25
0.006276 8
0.029428 27
0.000309 8
0.027965 25
0.003030 8
0.027960 28
0.003889 12
0.037416 28
0.001478 8
0.030457 28
0.003969 8
0.041026 30
0.003778 8
0.026020 24
0.006456 8
0.028635 38
0.000854 22
0.003202 8
0.037287 27
0.002432 8
0.045043 31
0.000749 12
0.013202 23
0.001623 8
0.042590 27
0.005231 8
0.038598 29
0.002013 8
0.039076 28
0.001708 8
0.029005 39
0.004401 8
0.040079 39
0.003965 8
0.045130 29
0.001793 8
0.045263 26
0.000200 34
0.032868 8
0.030290 23
0.005021 8
0.037337 26
0.000974 12
0.048632 23
0.001755 12
0.048249 24
0.002350 12
0.043019 36
0.001206 8
0.029782 28
0.002055 12
0.020213 32
0.001734 8
0.037202 25
0.003755 8
0.036211 26
0.002477 12
0.023356 27
0.000639 37
0.028528 8
0.036563 26
0.001750 8
0.037038 25
0.001646 12
0.040190 34
0.006013 8
0.029562 30
0.002379 8
0.036088 36
0.001756 8
0.036237 26
0.001754 12
0.021060 29
0.001576 8
0.036500 32
0.002164 12
0.020191 27
0.001537 12
0.023018 31
0.001736 8
0.038179 27
0.001713 12
0.024429 40
0.001689 8
0.037650 31
0.001738 12
0.021867 31
0.001546 12
0.024013 27
0.001636 8
0.039108 33
0.001808 8
0.043873 33
0.001169 8
0.043878 29
0.001794 8
0.043194 29
0.001368 8
0.043456 25
0.001745 8
0.041401 26
0.002161 8
0.033564 35
0.000546 12
0.030850 34
0.001622 8
0.036981 25
0.006289 10
0.043982 26
0.000860 10
0.042425 31
0.000856 10
0.041511 28
0.000844 10
0.040781 25
0.002338 8
0.035277 25
0.000961 8
0.035923 29
0.000978 8
0.044334 34
0.000907 10
0.034001 26
0.001954 8
0.035258 26
0.000967 8
0.035272 26
0.000973 8
0.044202 23
0.000506 8
0.031457 26
0.000231 18
0.032330 37
0.000219 16
0.027408 28
0.004061 10
0.043787 27
0.002275 38
0.043555 10
0.041428 25
0.004358 8
0.037958 31
0.001815 12
0.037810 24
0.001714 8
0.037571 25
0.001769 8
0.037228 26
0.001848 8
0.044788 25
0.000147 8
0.040014 30
0.002486 8
0.038786 47
0.001871 8
0.038714 33
0.001441 8
0.038141 27
0.001737 8
0.041689 42
0.001782 8
0.043189 46
0.001467 8
0.037185 39
0.001712 8
0.040145 33
0.001628 12
0.038901 47
0.002027 8
0.043352 42
0.001787 8
0.042837 31
0.000875 8
0.039763 32
0.001749 8
0.039235 36
0.001757 8
0.040796 39
0.004375 12
0.030486 37
0.001064 8
0.042748 46
0.001693 8
0.043596 52
0.000316 8
0.029788 36
0.003951 8
0.037374 30
0.001784 8
0.040356 29
0.062476 8
0.037888 33
0.001745 8
0.040612 32
0.002446 8
0.138893 29
0.003037 8
0.041326 24
0.010359 142
0.712937 314
0.001403 421
0.001486 23
0.001796 414
0.006907 353
0.294188 359
0.162263 357
0.146060 355
0.106601 355
0.104342 353
0.224385 357
0.124766 371
0.094777 359
0.183789 357
0.351291 367
0.116467 355
0.122397 355
0.247212 357
0.234294 367
0.099074 353
0.110013 355
0.154510 359
0.200049 367
0.134571 355
0.135479 357
0.192604 357
0.141231 367
0.120274 357
0.257327 363
0.295161 359
0.094622 361
0.101567 365
0.096854 359
0.275733 363
0.161511 377
0.732566 357
0.260342 375
0.140229 359
0.145994 359
0.157590 371
0.227736 373
0.116067 373
0.111966 367
0.161667 375
0.182210 369
0.140921 361
0.228951 363
0.100226 363
0.101084 363
0.103988 365
0.177975 361
0.104487 375
0.118546 369
0.116283 361
0.103319 377
0.104753 369
0.128088 387
0.104248 367
0.134295 363
0.126237 367
0.100110 365
0.186291 375
0.110217 377
0.103243 373
0.108381 361
0.114439 365
0.103649 379
0.109242 373
0.303988 389
0.105062 393
0.208775 381
0.146610 369
0.110216 375
0.173471 377
0.100418 371
0.101569 375
0.093122 393
0.597087 357
0.305075 402
0.153722 426
0.393370 436
0.725920 418
0.181486 414
0.544105 440
0.319978 428
0.379393 422
0.234208 416
0.428969 420
0.331795 444
0.821223 424
0.216805 442
0.452587 444
0.155453 462
0.171897 442
0.144428 458
0.389285 456
0.199683 448
0.215691 454
0.136982 462
0.476088 454
0.323244 464
0.266536 460
0.137976 460
0.181156 462
0.206988 440
0.197097 472
0.148818 458
0.135739 414
0.179223 426
0.678148 428
0.143671 438
0.103648 438
0.118328 428
0.104257 446
0.147431 456
0.134320 440
0.133547 452
0.238102 444
0.248990 458
0.171225 446
0.146655 452
0.142883 458
0.150382 454
0.139004 446
0.151270 454
0.153131 452
0.204563 446
0.240880 440
0.166885 440
0.298703 460
0.168599 448
0.131357 448
0.175660 440
0.214858 444
0.204531 448
0.565202 444
0.481194 442
0.344501 442
0.324971 452
0.581953 452
0.178840 448
0.116470 456
0.170566 440
0.142937 440
0.136100 460
0.538169 466
0.201780 472
0.138403 464
0.138467 470
0.158448 460
0.158555 456
0.145799 367
0.127802 391
0.157468 383
0.193821 379
0.209238 389
0.203619 391
0.158420 393
0.134645 391
0.142929 393
0.125346 391
0.150520 393
0.133336 401
0.192614 393
0.279857 377
0.224798 397
0.184500 391
0.275490 393
0.240982 401
0.146834 399
0.218164 403
0.290002 395
0.329073 419
0.189486 417
0.207531 399
0.128415 405
0.194390 413
0.137043 405
0.173240 399
0.134444 399
0.283730 419
0.164356 405
0.126505 419
0.119181 431
0.201639 423
0.133513 419
0.153955 415
0.133230 348
0.156206 4095
0.099129 2953
0.000060 831
0.000195 216
0.285890 74
0.004355 57
0.012189 178
0.002116 104
0.001443 64
0.000951 93
0.001035 107
0.000768 40
0.001208 710
0.022250 159
0.005064 84
0.001070 84
0.001314 84
0.001153 180
0.001282 106
0.003040 188
0.002226 118
0.002780 184
0.001499 110
0.004054 480
0.009186 303
0.002206 261
0.000775 167
0.002153 166
0.001730 167
0.002744 64
0.002598 92
0.000466 157
0.001600 531
0.005851 96
0.006207 90
0.001987 400
0.004354 146
0.001988 161
0.001228 93
0.010723 91
0.001132 140
0.000881 160
0.006609 232
0.007737 154
0.003532 163
0.003193 99
0.003661 155
0.001968 167
0.003877 121
0.004811 358
0.013352 232
0.000028 153
0.002600 162
0.025198 98
0.066653 104
0.438768 68
2.424159 13
0.059606 32
0.010003 36
0.019731 63
0.017800 57
0.006738 43
0.052839 44
0.003578 55
0.004788 141
0.002556 75
0.005929 42
0.001334 17
0.003238 10
0.001430 49
0.011024 1229
0.126093 336
0.019115 69
0.841491 134
0.695336 133
0.001520 10
0.004402 33
0.037849 21
25.385117 1
1.409776 1
0.502756 1
0.030938 1
0.034094 1
0.027727 1
0.030222 1
0.032579 1
0.030521 1
0.032524 1
0.035859 1
0.027261 1
0.029849 1
0.032999 1
0.030518 1
0.035439 1
0.027431 1
0.032850 1
0.035753 1
0.027225 1
0.029891 1
0.032924 1
0.030490 1
0.035433 1
0.026999 1
0.030221 1
0.029945 1
0.029933 74
1.371461 77
0.112008 80
0.344121 43
0.564073 84
0.840252 43
0.299800 84
0.800328 43
0.303906 43
1.124285 43
0.804096 43
0.127750 43
0.332241 2
0.231644 358
0.003030 18
193.639207 2
2.665501 31
0.209705 44
0.036753 27
0.008889 61
0.002089 148
0.374250 148
0.387422 148
0.299697 149
0.276061 149
1.313792 149
0.276273 18
0.468443 33
0.050941 18
91.628571 4
2.182508 4
0.501629 4
0.030322 4
0.029816 4
0.035809 4
0.030169 4
0.035776 4
0.030296 4
0.033097 4
0.032892 4
0.035791 4
0.030143 4
0.032995 4
0.032999 4
0.036255 4
0.027335 4
0.029848 4
0.033014 1
0.030373 1
0.035918 1
0.030151 1
0.032992 1
0.032955 1
0.035961 1
0.032909 1
0.028159 1
0.031088 1
0.031014 74
34.788993 2
2.471519 31
0.214917 99
0.033121 199
0.012202 36
0.373218 898
0.244388 27
0.021359 26
0.011935 49
0.025144 146
0.120812 292
0.016711 584
0.010926 584
0.010037 730
0.010944 730
0.010055 876
0.010997 1606
0.011775 876
0.010135 584
0.010108 730
0.010911 438
0.010194 730
0.010898 876
0.010924 438
0.010055 584
0.010033 584
0.010145 1168
0.010891 292
0.007417 149
0.005057 478
0.240565 149
0.019331 175
0.226654 33
0.080842 74
4.246166 78
0.604947 2
0.647501 31
0.207478 44
0.032665 27
0.004214 61
0.001503 104
0.029277 33
0.006668 32
20.438779 2
1.134075 33
0.002631 85
15.675791 2
2.755514 33
0.003313 30
12.418513 63
0.859895 1
1.395338 1
0.167886 1
0.852426 1
0.136354 1
0.451534 1
0.263982 1
0.144389 2
0.276139 286
0.002592 189
23.244073 2
1.204710 144
0.005224 59
0.007249 99
0.049947 12
0.121460 40
0.245074 267
0.175688 460
0.120897 189
1.407177 158
0.283330 2
1.139960 375
0.002405 38
14.960114 2
1.659655 31
0.088974 117
0.099043 21
0.067951 61
0.003918 38
3.857761 1
0.827345 1
0.498824 1
0.029453 1
0.031494 1
0.031008 1
0.030750 1
0.029272 1
0.030273 1
0.029234 1
0.031967 1
0.029808 1
0.031801 1
0.030227 1
0.030446 1
0.028751 1
0.031955 1
0.031217 1
0.030832 1
0.029234 1
0.031311 1
0.030214 1
0.030453 1
0.029589 1
0.029943 1
0.029477 1
0.031226 1
0.031126 1
0.029919 1
0.030196 1
0.030415 3
0.488790 3
0.324336 61
0.507653 61
0.499966 112
0.029874 109
0.030927 106
0.030615 103
0.031329 100
0.030924 97
0.029255 94
0.030299 91
0.030241 1
0.031117 1
0.031313 1
0.030168 1
0.029782 1
0.030368 1
0.030315 1
0.031026 1
0.031570 90
1.347129 93
0.263874 96
0.696629 99
0.287811 2
0.472511 831
0.001977 33
18.404749 2
2.539334 1061
0.005752 2
1.276551 2
0.312011 2
0.500533 2
0.030092 2
0.030785 2
0.034093 2
0.031828 2
0.032204 2
0.031996 2
0.363756 2
0.466608 7
1.100845 87
1.583511 7
1.780316 2
0.681967 87
0.698797 7
0.860453 62
0.466900 7
0.592507 22
0.563840 51
16.391680 37
1.662941 37
0.499526 37
0.030218 37
0.035365 37
0.032930 37
0.033052 37
0.030096 37
0.033085 37
0.035897 37
0.033184 37
0.027005 37
0.035927 37
0.032973 37
0.033107 37
0.032778 37
0.033125 37
0.032991 37
0.033050 37
0.029948 37
0.035889 37
0.027651 37
0.032711 37
0.029958 37
0.035988 37
0.030453 37
0.032515 37
0.035728 37
0.030234 37
0.035848 37
0.033052 19
0.030136 37
0.030647 35
0.188448 19
1.688172 19
0.431998 19
0.500037 19
0.195986 19
0.964338 19
0.251989 19
0.231890 19
0.260006 19
0.620299 19
0.496069 37
1.640036 19
0.344041 19
0.712151 19
0.688174 19
1.120059 18
1.741952 18
1.001667 26
0.859408 1
1.369467 1
0.220194 1
0.659825 39
0.670247 111
0.001325 1
18.015111 1
0.659777 1
0.235808 1
0.392138 1
0.792303 1
0.539838 1
0.291995 1
2.520655 2
0.344195 195
0.007881 33
22.927789 1
1.314676 4
0.471996 4
0.296172 4
0.502506 4
0.030271 4
0.035681 4
0.032061 4
0.033146 4
0.032854 4
0.030219 4
0.033834 4
0.032931 4
0.030253 4
0.032907 4
0.030358 4
0.030752 4
0.031028 4
0.032931 4
0.031018 4
0.031044 4
0.035726 4
0.027645 4
0.029881 4
0.032567 4
0.030310 4
0.035688 4
0.032956 4
0.030227 4
0.035783 4
0.030200 4
0.033058 4
0.033285 4
0.030794 4
0.031926 4
0.033868 1
0.030167 1
0.030123 1
0.033634 1
0.030328 1
0.031845 1
0.031949 1
0.033812 1
0.030177 1
0.033883 1
0.031516 1
0.841252 1
0.371953 1
0.271924 1
0.744342 1
0.219794 1
0.416269 1
1.976187 1
0.820597 1
0.315380 1
0.508108 4
0.428081 4
0.183909 1
0.344330 1
0.259773 1
1.412162 1
0.296210 1
0.251884 1
0.724135 1
0.143888 1
0.496090 1
1.644193 1
0.548134 1
0.323820 1
0.356241 1
0.624247 2
0.868909 151
0.073533 61
0.003421 21
1.950782 1
1.096186 1
0.500235 1
0.030268 1
0.035806 1
0.030849 1
0.028268 1
0.033710 3
0.587327 17
0.785528 17
0.195989 17
0.191889 17
0.179932 17
0.163869 13
1.000878 13
0.135321 13
0.356093 13
0.392049 13
0.216164 13
0.175719 2
0.404783 122
0.008958 61
0.060184 22
3.763651 1
0.575683 1
0.628266 1
0.271455 1
0.200039 1
0.214019 1
0.190017 17
0.868538 17
0.199348 17
0.172149 17
0.167904 17
0.176202 17
0.151917 13
0.388045 13
0.472056 13
0.296081 13
0.491995 13
0.343952 13
0.088093 2
0.312342 292
0.003530 707
0.001679 22
5.752624 1
0.747383 1
0.499836 1
0.030924 1
0.031101 1
0.031018 1
0.474703 17
0.563867 17
0.212089 17
0.183929 17
0.176030 17
0.176068 17
0.159897 15
0.386628 15
0.573925 13
0.775969 13
0.119741 13
0.159854 13
0.280359 13
0.335847 13
0.444419 15
0.371848 13
2.104235 13
0.223960 17
0.796297 17
0.455830 13
0.676549 13
0.543590 3
11.946718 3
0.499639 3
0.030809 3
0.029470 3
0.031952 3
0.031860 1
0.034445 1
0.031452 1
0.028985 1
0.032102 1
0.033826 1
0.028379 1
0.033584 1
0.030262 4
0.442063 4
0.501623 4
0.030607 4
0.030402 4
0.029408 4
0.030708 4
0.030900 4
0.031005 4
0.031031 4
0.030284 4
0.031037 4
0.030997 4
0.030999 4
0.030871 4
0.030948 4
0.030975 4
0.029825 4
0.029618 4
0.031031 4
0.031037 4
0.030687 4
0.030775 4
0.031799 4
0.030763 4
0.030754 1
0.030877 1
0.031657 1
0.030781 1
0.030658 1
0.030810 1
0.030811 1
0.030707 1
0.030829 1
0.030707 1
0.030822 1
0.030678 1
0.030787 1
0.030868 1
0.030006 1
0.030507 1
0.030740 1
3.128415 1
0.860171 1
0.291822 1
0.417218 4
0.883081 1
0.648136 1
0.175472 4
0.440416 1
0.167848 1
0.604622 1
1.267683 1
0.119971 1
0.404098 4
0.844438 1
0.355728 1
0.592145 1
0.159840 1
0.354946 1
0.277216 1
0.752616 1
0.587980 4
4.044038 4
0.195978 4
0.572048 1
0.865314 1
0.247427 1
0.228059 1
0.241004 1
0.167029 1
0.224094 13
1.079689 13
0.136048 13
0.295770 2
0.228332 143
0.004579 15
26.032473 37
0.519056 36
0.635398 39
0.837344 2
1.002731 61
0.019924 21
0.878564 77
0.480011 37
0.662756 2
0.851185 903
0.005813 1
15.947867 1
0.363629 1
0.524133 1
0.159926 1
0.368554 1
0.451613 1
0.872253 1
0.192247 1
2.217111 1
0.458799 1
0.200010 4
0.448142 4
0.199897 1
0.104436 1
0.287662 1
0.528090 1
0.528067 1
1.724256 1
0.207886 1
2.932802 1
0.911797 1
0.219944 1
0.191951 1
1.036436 1
1.031985 1
0.200620 1
0.311248 1
0.432690 1
1.631696 1
0.608085 1
0.143958 1
0.952744 1
0.231254 1
0.568291 2
0.400638 604
0.009997 40
148.502874 4
1.144698 6
15.059582 4
1.010030 15
10.904239 4
16.034940 29
0.881293 4
1.066913 10
9.022672 4
0.990678 9
9.873562 4
1.175401 3
11.679275 2
1.198810 61
0.002975 32
23.645706 2
1.273816 116
0.180924 61
0.011276 1
8.404919 1
0.299414 1
0.356102 1
0.316008 1
0.375959 1
0.728303 1
0.167811 1
0.608337 1
0.347819 1
1.048799 1
2.247840 1
0.267770 1
0.088039 4
0.476266 4
0.183699 4
0.160166 1
0.267936 1
0.589265 1
0.258834 1
0.104826 1
0.267367 1
0.267834 1
0.672470 1
0.168036 4
0.523807 1
1.288119 1
0.472010 1
0.144555 2
0.431918 99
1.810489 61
0.209903 1
9.268943 1
0.251730 1
1.428320 1
0.483819 1
0.488103 1
0.319943 1
0.167986 1
0.764285 1
3.993784 1
0.150386 1
0.417087 1
0.363359 1
1.964259 1
0.636097 1
0.555442 1
0.364462 1
0.664155 1
0.479975 2
0.620772 31
0.207618 44
0.030717 88
0.013112 99
0.037468 104
0.011480 61
0.005105 1
57.973304 1
0.207506 4
1.020144 1
0.820395 1
0.399585 1
0.379988 1
0.404394 1
0.104291 1
0.283470 1
0.276008 1
0.480086 1
1.200449 1
0.207474 1
0.296177 1
0.232201 1
0.303948 1
1.796278 1
0.668212 1
0.699967 1
0.253292 1
0.475653 2
0.391418 31
0.090867 132
0.066997 121
0.011092 36
0.301061 25
0.176990 873
0.000570 1
1.148326 2
0.532272 23
0.003036 149
0.125147 27
0.017689 26
0.027468 49
0.031108 146
0.061111 438
0.020739 438
0.010034 584
0.011063 730
0.010883 584
0.005455 438
0.010733 1314
0.010823 1314
0.010277 730
0.010774 584
0.009978 584
0.010022 438
0.009959 584
0.010173 876
0.010839 438
0.010000 584
0.010029 584
0.014905 146
0.010541 292
0.011891 876
0.010692 295
0.007102 149
0.077147 175
0.202840 61
0.054103 19
14.331907 45
0.369183 30
0.438762 2
2.567891 99
0.866615 99
0.293816 61
0.203298 8
11.993686 39
0.022055 8
1.211456 34
0.001219 86
0.001394 6
