0.341267 142
0.123025 1
3.583562 1
0.204555 1
0.699825 4
0.503784 1
0.168105 5
0.646503 1
1.205761 1
0.271935 4
0.561016 4
0.113170 1
0.898183 1
0.311755 1
0.385358 1
0.270968 1
0.211970 4
0.584033 4
0.135976 1
0.303952 1
0.168140 1
0.820406 1
0.187759 1
0.207705 1
0.981498 1
0.411936 1
0.526487 1
0.664726 1
0.219848 1
0.467952 1
0.900324 1
0.439956 1
0.768393 1
0.327672 1
0.304181 2
0.975366 1197
1.697973 134
0.009115 25
3.729255 4
1.445400 4
0.834276 4
0.204706 2
4.782289 69
1.941914 55
0.466557 12
1.802537 21
0.000105 12
0.812475 21
0.000100 12
0.811059 21
0.000115 12
1.422101 21
0.000098 12
15.638390 65
0.108974 84
0.155517 94
2.487147 72
0.417655 77
0.241259 37
0.000339 42
0.000298 42
0.074139 60
0.123520 62
0.287730 36
0.068327 82
0.278780 50
0.364774 44
0.000144 51
0.000148 174
16.274228 84
1.110100 78
0.503798 88
0.534187 48
1.221600 60
0.042340 482
0.216067 42
0.000963 69
1.577831 138
3.258323 52
1.953237 45
0.619314 52
0.128563 74
0.645329 144
0.201165 55
0.334858 53
0.054996 139
8.356436 164
11.449770 60
0.778182 62
0.200255 733
0.001844 86
2.773146 159
0.000415 90
0.005610 380
0.007153 165
0.019342 105
0.043215 121
0.033058 201
0.166934 55
0.239347 68
0.056682 186
18.515025 172
9.400980 132
0.053333 123
0.195647 114
0.017266 125
0.027967 121
0.008289 159
0.002186 125
0.019562 87
0.009683 88
0.001641 125
0.006061 531
0.016102 129
0.003007 60
0.351865 1886
0.267672 162
8.302932 91
0.000383 201
0.011281 88
0.003052 331
0.021970 51
0.027634 50
0.058688 86
0.173089 105
0.203874 121
0.398732 121
0.059920 121
0.627989 121
0.114176 121
0.145292 121
0.324244 121
0.023391 121
0.573566 121
0.242586 121
0.183750 121
0.027267 121
0.129574 121
0.012117 121
0.011207 121
0.008247 121
0.013677 121
0.008352 121
0.006893 121
0.005483 121
0.013077 121
0.007146 121
0.008175 121
0.008084 1028
0.280430 35
0.001413 152
0.152488 149
0.189706 150
0.045758 134
0.353482 1
4.098178 1
0.819000 1
0.411098 5
0.417649 1
0.684597 1
0.178611 1
0.117037 2
0.412933 22
3.312177 29
0.000166 1
1.084175 1
0.251814 1
0.324213 1
0.375950 1
2.088467 1
0.399674 1
0.192039 1
0.592097 3
0.668863 1
0.166485 1
0.468078 1
0.805098 1
0.260087 1
0.263844 1
0.395922 1
0.672306 1
0.288366 1
0.839835 6
0.475343 1
2.722526 1
0.000227 1
1.102274 1
0.264019 1
0.088065 1
0.255750 1
0.288352 1
0.935931 1
0.419922 1
0.292328 1
0.624421 3
0.890700 1
0.161201 1
0.151697 1
0.248038 2
1.086249 43
0.002564 43
0.000355 35
1.876844 1
0.495425 22
3.282094 5
1.097585 5
0.555780 5
0.190182 5
0.586041 5
0.103910 5
0.180023 5
0.316120 2
0.248316 408
0.027107 43
0.000382 1
8.013261 1
0.136548 1
0.671521 1
0.979461 1
0.668920 1
0.291685 1
0.584249 1
0.234760 3
0.617314 1
0.960314 1
0.139803 1
0.520140 1
0.313808 1
0.334270 1
0.272385 1
0.863866 1
0.729226 1
0.118527 1
0.824662 1
0.731724 1
0.824190 1
0.163793 1
0.780777 1
0.499877 1
0.847748 1
1.016601 1
0.435698 12
0.774816 2
1.125643 964
0.005694 43
0.001289 37
2.117041 3
0.799895 3
0.424089 3
0.500436 3
0.030534 3
0.030431 3
0.030867 3
0.029507 3
0.029644 3
0.031582 3
0.028800 3
0.030624 3
0.030854 3
0.030145 3
0.076441 3
0.200150 1
1.188819 3
1.023661 1
0.229059 1
0.851007 1
0.243736 13
0.625463 2
0.763704 1017
0.005176 22
32.186441 2
1.456343 43
0.048098 22
2.300373 3
7.627742 3
0.192378 3
0.191803 3
0.184950 3
0.187344 1
1.251981 1
0.119879 3
0.632622 3
0.183537 1
1.620152 1
0.179867 2
0.500423 142
0.007527 19
1.216756 3
0.973532 1
0.502269 2
1.756410 142
0.004025 42
25.741371 134
0.000831 6
